[FRAME_COUNT]
16
[DURATION]
0.666667
[BONE_COUNT]
87
[KEY]
1 1.000000 0.000000 0.000000 0.000000 0.000000 1.000000 0.000000 0.000000 0.000000 0.000000 1.000000 0.000000 -10.226984 0.232216 0.001319 1.000000 
2 1.000000 0.000000 0.000000 0.000000 0.000000 1.000000 0.000000 0.000000 0.000000 0.000000 1.000000 0.000000 -10.226984 0.232216 0.001319 1.000000 
3 1.000000 0.000000 0.000000 0.000000 0.000000 1.000000 0.000000 0.000000 0.000000 0.000000 1.000000 0.000000 11.098431 18.954062 2.718880 1.000000 
6 1.000000 0.000000 0.000000 0.000000 0.000000 1.000000 0.000000 0.000000 0.000000 0.000000 1.000000 0.000000 11.098417 18.954113 -2.730513 1.000000 
9 0.991326 0.131429 0.000000 0.000000 -0.131429 0.991326 0.000000 0.000000 0.000000 0.000000 1.000000 0.000000 -15.326487 19.633852 0.000921 1.000000 
12 1.000000 0.000000 0.000000 0.000000 0.000000 1.000000 0.000000 0.000000 0.000000 0.000000 1.000000 0.000000 -15.326487 19.633852 0.000921 1.000000 
27 1.000000 0.000000 0.000000 0.000000 0.000000 1.000000 0.000000 0.000000 0.000000 0.000000 1.000000 0.000000 -3.151001 15.872094 -8.168830 1.000000 
32 1.000000 0.000000 0.000000 0.000000 0.000000 1.000000 0.000000 0.000000 0.000000 0.000000 1.000000 0.000000 1.292232 19.633837 -5.426734 1.000000 
37 1.000000 0.000000 0.000000 0.000000 0.000000 1.000000 0.000000 0.000000 0.000000 0.000000 1.000000 0.000000 -8.678464 16.470507 -8.986213 1.000000 
42 1.000000 0.000000 0.000000 0.000000 0.000000 1.000000 0.000000 0.000000 0.000000 0.000000 1.000000 0.000000 -12.529337 17.170685 -7.037132 1.000000 
47 1.000000 0.000000 0.000000 0.000000 0.000000 1.000000 0.000000 0.000000 0.000000 0.000000 1.000000 0.000000 -3.150999 15.872065 8.171465 1.000000 
52 1.000000 0.000000 0.000000 0.000000 0.000000 1.000000 0.000000 0.000000 0.000000 0.000000 1.000000 0.000000 1.292188 19.633850 5.429370 1.000000 
57 1.000000 0.000000 0.000000 0.000000 0.000000 1.000000 0.000000 0.000000 0.000000 0.000000 1.000000 0.000000 -8.678467 16.470554 8.988850 1.000000 
62 1.000000 0.000000 0.000000 0.000000 0.000000 1.000000 0.000000 0.000000 0.000000 0.000000 1.000000 0.000000 -12.529338 17.170660 7.039771 1.000000 
13 1.000000 0.000000 0.000000 0.000000 0.000000 1.000000 0.000000 0.000000 0.000000 0.000000 1.000000 0.000000 2.779930 19.255835 0.000931 1.000000 
28 0.999992 -0.003966 0.000742 0.000000 0.003969 0.999981 -0.004698 0.000000 -0.000723 0.004701 0.999989 0.000000 -1.454664 17.760006 -11.738103 1.000000 
33 0.999999 0.001282 0.000000 0.000000 -0.001282 0.999999 0.000183 0.000000 0.000000 -0.000183 1.000000 0.000000 3.883216 20.939516 -7.296888 1.000000 
38 0.999997 0.002500 -0.000500 0.000000 -0.002505 0.999954 -0.009216 0.000000 0.000477 0.009217 0.999957 0.000000 -8.849779 17.904613 -14.632987 1.000000 
43 1.000000 0.000427 -0.000000 0.000000 -0.000427 1.000000 -0.000244 0.000000 -0.000000 0.000244 1.000000 0.000000 -14.630817 17.060434 -12.770145 1.000000 
48 0.999992 -0.004028 -0.000315 0.000000 0.004029 0.999981 0.004638 0.000000 0.000296 -0.004639 0.999989 0.000000 -1.454666 17.760031 11.740780 1.000000 
53 0.999999 0.001282 -0.000000 0.000000 -0.001282 0.999999 -0.000244 0.000000 -0.000000 0.000244 1.000000 0.000000 3.883228 20.939552 7.299524 1.000000 
58 0.999997 0.002500 0.000500 0.000000 -0.002505 0.999956 0.009094 0.000000 -0.000477 -0.009095 0.999959 0.000000 -8.849784 17.904585 14.635589 1.000000 
63 1.000000 0.000000 0.000000 0.000000 0.000000 1.000000 0.000000 0.000000 0.000000 0.000000 1.000000 0.000000 -14.630815 17.060415 12.772816 1.000000 
4 1.000000 0.000000 0.000000 0.000000 0.000000 1.000000 0.000000 0.000000 0.000000 0.000000 1.000000 0.000000 14.456429 12.870164 6.270426 1.000000 
7 1.000000 0.000000 0.000000 0.000000 0.000000 1.000000 0.000000 0.000000 0.000000 0.000000 1.000000 0.000000 14.456430 12.870213 -6.270925 1.000000 
29 0.999992 -0.003966 0.000742 0.000000 0.003968 0.999986 -0.003355 0.000000 -0.000728 0.003358 0.999994 0.000000 9.684689 52.825428 -31.646954 1.000000 
34 0.999999 0.001038 0.000000 0.000000 -0.001038 0.999999 0.000183 0.000000 0.000000 -0.000183 1.000000 0.000000 34.331142 48.254070 -19.031767 1.000000 
39 0.999998 0.002137 -0.000131 0.000000 -0.002138 0.999972 -0.007141 0.000000 0.000115 0.007141 0.999974 0.000000 -10.652314 45.391586 -32.537563 1.000000 
44 1.000000 0.000427 -0.000000 0.000000 -0.000427 1.000000 -0.000244 0.000000 -0.000000 0.000244 1.000000 0.000000 -20.872175 65.625031 -28.832985 1.000000 
49 0.999994 -0.003478 -0.000312 0.000000 0.003479 0.999987 0.003601 0.000000 0.000300 -0.003602 0.999993 0.000000 9.678398 52.825916 31.652239 1.000000 
54 0.999999 0.001038 -0.000000 0.000000 -0.001038 0.999999 -0.000244 0.000000 -0.000000 0.000244 1.000000 0.000000 34.331215 48.254665 19.032671 1.000000 
59 0.999997 0.002256 0.000498 0.000000 -0.002259 0.999973 0.006958 0.000000 -0.000482 -0.006959 0.999976 0.000000 -10.652305 45.393814 32.536766 1.000000 
64 1.000000 0.000000 0.000000 0.000000 0.000000 1.000000 0.000000 0.000000 0.000000 0.000000 1.000000 0.000000 -20.851460 65.631584 28.823818 1.000000 
5 1.000000 0.000000 0.000000 0.000000 0.000000 1.000000 0.000000 0.000000 0.000000 0.000000 1.000000 0.000000 15.119763 8.583627 6.452275 1.000000 
8 1.000000 0.000000 0.000000 0.000000 0.000000 1.000000 0.000000 0.000000 0.000000 0.000000 1.000000 0.000000 15.142559 8.565822 -6.452322 1.000000 
30 0.999993 -0.003660 0.000741 0.000000 0.003662 0.999989 -0.002806 0.000000 -0.000731 0.002809 0.999996 0.000000 24.076145 51.016548 -53.149132 1.000000 
35 1.000000 0.000854 0.000000 0.000000 -0.000854 1.000000 0.000183 0.000000 0.000000 -0.000183 1.000000 0.000000 70.949120 37.940910 -29.088259 1.000000 
40 0.999998 0.001955 0.000054 0.000000 -0.001955 0.999980 -0.005981 0.000000 -0.000065 0.005981 0.999982 0.000000 -15.287053 41.764446 -53.025219 1.000000 
45 1.000000 0.000427 -0.000000 0.000000 -0.000427 1.000000 -0.000244 0.000000 -0.000000 0.000244 1.000000 0.000000 -40.247787 57.605583 -44.119785 1.000000 
50 0.999995 -0.003174 -0.000128 0.000000 0.003174 0.999990 0.003051 0.000000 0.000118 -0.003052 0.999995 0.000000 24.061455 51.018864 53.160179 1.000000 
55 1.000000 0.000854 -0.000000 0.000000 -0.000854 1.000000 -0.000244 0.000000 -0.000000 0.000244 1.000000 0.000000 70.949226 37.942051 29.089857 1.000000 
60 0.999997 0.002256 0.000498 0.000000 -0.002259 0.999981 0.005737 0.000000 -0.000485 -0.005738 0.999983 0.000000 -15.294186 41.769905 53.023376 1.000000 
65 1.000000 0.000000 0.000000 0.000000 0.000000 1.000000 0.000000 0.000000 0.000000 0.000000 1.000000 0.000000 -40.230537 57.624107 44.112617 1.000000 
31 0.999994 -0.003416 0.000740 0.000000 0.003418 0.999991 -0.002562 0.000000 -0.000731 0.002565 0.999996 0.000000 39.990768 34.990593 -67.325058 1.000000 
36 1.000000 0.000854 0.000000 0.000000 -0.000854 1.000000 0.000183 0.000000 0.000000 -0.000183 1.000000 0.000000 96.946678 19.008490 -32.075081 1.000000 
41 0.999998 0.001955 0.000054 0.000000 -0.001955 0.999984 -0.005371 0.000000 -0.000064 0.005371 0.999986 0.000000 -20.479162 26.346292 -66.251717 1.000000 
46 1.000000 0.000427 -0.000000 0.000000 -0.000427 1.000000 -0.000244 0.000000 -0.000000 0.000244 1.000000 0.000000 -60.631977 32.519764 -50.562614 1.000000 
51 0.999996 -0.002930 -0.000127 0.000000 0.002930 0.999992 0.002746 0.000000 0.000119 -0.002747 0.999996 0.000000 39.975174 34.997158 67.341927 1.000000 
56 1.000000 0.000854 -0.000000 0.000000 -0.000854 1.000000 -0.000244 0.000000 -0.000000 0.000244 1.000000 0.000000 96.947113 19.009739 32.077862 1.000000 
61 0.999997 0.002256 0.000498 0.000000 -0.002259 0.999985 0.005066 0.000000 -0.000486 -0.005067 0.999987 0.000000 -20.488979 26.353422 66.250839 1.000000 
66 1.000000 0.000000 0.000000 0.000000 0.000000 1.000000 0.000000 0.000000 0.000000 0.000000 1.000000 0.000000 -60.625427 32.548477 50.561409 1.000000 
67 1.000000 0.000000 0.000000 0.000000 0.000000 1.000000 0.000000 0.000000 0.000000 0.000000 1.000000 0.000000 0.000000 83.070496 0.000000 1.000000 
68 1.000000 0.000000 0.000000 0.000000 0.000000 1.000000 0.000000 0.000000 0.000000 0.000000 1.000000 0.000000 -10.226984 0.232216 0.001319 1.000000 
69 1.000000 0.000000 0.000000 0.000000 0.000000 1.000000 0.000000 0.000000 0.000000 0.000000 1.000000 0.000000 -10.226978 70.730209 0.001320 1.000000 
70 1.000000 0.000000 0.000000 0.000000 0.000000 1.000000 0.000000 0.000000 0.000000 0.000000 1.000000 0.000000 -10.226987 0.232216 0.001319 1.000000 
71 1.000000 0.000000 0.000000 0.000000 0.000000 1.000000 0.000000 0.000000 0.000000 0.000000 1.000000 0.000000 -10.226987 0.232216 0.001319 1.000000 
72 1.000000 0.000000 0.000000 0.000000 0.000000 1.000000 0.000000 0.000000 0.000000 0.000000 1.000000 0.000000 115.125870 0.000000 -32.474308 1.000000 
73 1.000000 0.000000 0.000000 0.000000 0.000000 1.000000 0.000000 0.000000 0.000000 0.000000 1.000000 0.000000 62.749397 0.000000 -78.997215 1.000000 
74 1.000000 0.000000 0.000000 0.000000 0.000000 1.000000 0.000000 0.000000 0.000000 0.000000 1.000000 0.000000 1.802011 0.000000 -75.468254 1.000000 
75 1.000000 0.000000 0.000000 0.000000 0.000000 1.000000 0.000000 0.000000 0.000000 0.000000 1.000000 0.000000 -89.168083 0.000000 -51.799946 1.000000 
76 1.000000 0.000000 0.000000 0.000000 0.000000 1.000000 0.000000 0.000000 0.000000 0.000000 1.000000 0.000000 119.592667 0.000000 32.457558 1.000000 
77 1.000000 0.000000 0.000000 0.000000 0.000000 1.000000 0.000000 0.000000 0.000000 0.000000 1.000000 0.000000 55.606968 0.000000 78.943047 1.000000 
78 1.000000 0.000000 0.000000 0.000000 0.000000 1.000000 0.000000 0.000000 0.000000 0.000000 1.000000 0.000000 5.046760 0.000000 75.453720 1.000000 
79 1.000000 0.000000 0.000000 0.000000 0.000000 1.000000 0.000000 0.000000 0.000000 0.000000 1.000000 0.000000 -89.121231 0.000000 51.801723 1.000000 
80 1.000000 0.000000 0.000000 0.000000 0.000000 1.000000 0.000000 0.000000 0.000000 0.000000 1.000000 0.000000 132.160492 0.000000 -32.441174 1.000000 
81 1.000000 0.000000 0.000000 0.000000 0.000000 1.000000 0.000000 0.000000 0.000000 0.000000 1.000000 0.000000 68.761414 0.000000 -79.050568 1.000000 
82 1.000000 0.000000 0.000000 0.000000 0.000000 1.000000 0.000000 0.000000 0.000000 0.000000 1.000000 0.000000 13.905589 0.000000 -75.478256 1.000000 
83 1.000000 0.000000 0.000000 0.000000 0.000000 1.000000 0.000000 0.000000 0.000000 0.000000 1.000000 0.000000 -58.008385 0.000000 -51.798386 1.000000 
84 1.000000 0.000000 0.000000 0.000000 0.000000 1.000000 0.000000 0.000000 0.000000 0.000000 1.000000 0.000000 139.501648 0.000000 32.435669 1.000000 
85 1.000000 0.000000 0.000000 0.000000 0.000000 1.000000 0.000000 0.000000 0.000000 0.000000 1.000000 0.000000 59.696896 0.000000 78.963730 1.000000 
86 1.000000 0.000000 0.000000 0.000000 0.000000 1.000000 0.000000 0.000000 0.000000 0.000000 1.000000 0.000000 16.943512 0.000000 75.447723 1.000000 
87 1.000000 0.000000 0.000000 0.000000 0.000000 1.000000 0.000000 0.000000 0.000000 0.000000 1.000000 0.000000 -58.530979 0.000000 51.800949 1.000000 
10 0.991326 0.131429 0.000000 0.000000 -0.131429 0.991326 0.000000 0.000000 0.000000 0.000000 1.000000 0.000000 -57.826370 69.070145 0.001232 1.000000 
11 1.225407 -0.657629 -0.001816 0.000000 0.657621 1.225405 -0.004600 0.000000 0.003775 0.003194 1.390711 0.000000 -69.890770 65.264961 1.472308 1.000000 
21 1.000000 0.000000 0.000000 0.000000 0.000000 1.000000 0.000000 0.000000 0.000000 0.000000 1.000000 0.000000 -13.697318 49.781429 0.001319 1.000000 
23 1.000000 0.000000 0.000000 0.000000 0.000000 1.000000 0.000000 0.000000 0.000000 0.000000 1.000000 0.000000 -10.226986 20.205885 0.001319 1.000000 
24 1.000000 0.000000 0.000000 0.000000 0.000000 1.000000 0.000000 0.000000 0.000000 0.000000 1.000000 0.000000 -10.226984 20.205885 0.001319 1.000000 
25 1.000000 0.000000 0.000000 0.000000 0.000000 1.000000 0.000000 0.000000 0.000000 0.000000 1.000000 0.000000 -10.226984 20.205885 0.001319 1.000000 
26 1.000000 0.000000 0.000000 0.000000 0.000000 1.000000 0.000000 0.000000 0.000000 0.000000 1.000000 0.000000 -10.226984 20.205885 0.001319 1.000000 
14 1.000000 0.000000 0.000000 0.000000 0.000000 1.000000 0.000000 0.000000 0.000000 0.000000 1.000000 0.000000 7.631057 25.044264 0.001322 1.000000 
15 1.000000 0.000000 0.000000 0.000000 0.000000 1.000000 0.000000 0.000000 0.000000 0.000000 1.000000 0.000000 12.186775 18.106363 0.001319 1.000000 
16 1.000000 0.000000 0.000000 0.000000 0.000000 1.000000 0.000000 0.000000 0.000000 0.000000 1.000000 0.000000 10.168854 22.949373 -2.989258 1.000000 
17 1.000000 0.000000 0.000000 0.000000 0.000000 1.000000 0.000000 0.000000 0.000000 0.000000 1.000000 0.000000 10.047662 23.045694 2.994847 1.000000 
18 1.000000 0.000000 0.000000 0.000000 0.000000 1.000000 0.000000 0.000000 0.000000 0.000000 1.000000 0.000000 2.779929 19.255835 0.000931 1.000000 
19 1.000000 0.000000 0.000000 0.000000 0.000000 1.000000 0.000000 0.000000 0.000000 0.000000 1.000000 0.000000 2.779929 19.255835 0.000931 1.000000 
20 1.000000 0.000000 0.000000 0.000000 0.000000 1.000000 0.000000 0.000000 0.000000 0.000000 1.000000 0.000000 2.779932 19.255835 0.000932 1.000000 
22 1.000000 0.000000 0.000000 0.000000 0.000000 1.000000 0.000000 0.000000 0.000000 0.000000 1.000000 0.000000 -13.697319 49.282085 0.001319 1.000000 
[KEY]
1 1.000000 0.000000 0.000000 0.000000 0.000000 1.000000 0.000000 0.000000 0.000000 0.000000 1.000000 0.000000 -10.226984 0.232216 0.001319 1.000000 
2 0.964858 -0.238566 0.110164 0.000000 0.240970 0.970492 -0.008845 0.000000 -0.104803 0.035080 0.993874 0.000000 -32.158184 0.364639 -1.793195 1.000000 
3 0.964858 -0.238566 0.110164 0.000000 0.240970 0.970492 -0.008845 0.000000 -0.104803 0.035080 0.993874 0.000000 -7.355613 13.541852 3.091419 1.000000 
6 0.964858 -0.238566 0.110164 0.000000 0.240970 0.970492 -0.008845 0.000000 -0.104803 0.035080 0.993874 0.000000 -6.784499 13.350740 -2.324593 1.000000 
9 0.966176 -0.257833 -0.005165 0.000000 0.257748 0.966122 -0.013201 0.000000 0.008393 0.011423 0.999900 0.000000 -32.403233 20.410336 -2.526975 1.000000 
12 0.964858 -0.238566 0.110164 0.000000 0.240970 0.970492 -0.008845 0.000000 -0.104803 0.035080 0.993874 0.000000 -32.403233 20.410336 -2.526975 1.000000 
27 0.964858 -0.238566 0.110164 0.000000 0.240970 0.970492 -0.008845 0.000000 -0.104803 0.035080 0.993874 0.000000 -20.705877 13.568320 -9.272107 1.000000 
32 0.964858 -0.238566 0.110164 0.000000 0.240970 0.970492 -0.008845 0.000000 -0.104803 0.035080 0.993874 0.000000 -15.799706 16.255251 -6.090598 1.000000 
37 0.964858 -0.238566 0.110164 0.000000 0.240970 0.970492 -0.008845 0.000000 -0.104803 0.035080 0.993874 0.000000 -25.809227 15.439069 -10.698702 1.000000 
42 0.964858 -0.238566 0.110164 0.000000 0.240970 0.970492 -0.008845 0.000000 -0.104803 0.035080 0.993874 0.000000 -29.560320 17.105650 -9.191982 1.000000 
47 0.964858 -0.238566 0.110164 0.000000 0.240970 0.970492 -0.008845 0.000000 -0.104803 0.035080 0.993874 0.000000 -22.418398 14.141509 6.968089 1.000000 
52 0.964858 -0.238566 0.110164 0.000000 0.240970 0.970492 -0.008845 0.000000 -0.104803 0.035080 0.993874 0.000000 -16.937500 16.636106 4.698998 1.000000 
57 0.964858 -0.238566 0.110164 0.000000 0.240970 0.970492 -0.008845 0.000000 -0.104803 0.035080 0.993874 0.000000 -27.693062 16.069681 7.166245 1.000000 
62 0.964858 -0.238566 0.110164 0.000000 0.240970 0.970492 -0.008845 0.000000 -0.104803 0.035080 0.993874 0.000000 -31.035631 17.599443 4.798687 1.000000 
13 0.964858 -0.238566 0.110164 0.000000 0.240970 0.970492 -0.008845 0.000000 -0.104803 0.035080 0.993874 0.000000 -15.024213 15.723889 -0.528948 1.000000 
28 0.996160 0.058682 0.064969 0.000000 -0.061682 0.997073 0.045169 0.000000 -0.062129 -0.049003 0.996864 0.000000 -18.240154 14.870625 -12.649339 1.000000 
33 0.965545 -0.244685 0.088619 0.000000 0.249449 0.967235 -0.047237 0.000000 -0.074157 0.067715 0.994945 0.000000 -12.789148 16.838675 -7.675410 1.000000 
38 0.968385 0.048047 0.244789 0.000000 -0.068409 0.994807 0.075365 0.000000 -0.239896 -0.089728 0.966643 0.000000 -25.037148 16.673639 -16.342442 1.000000 
43 0.977398 -0.156981 0.141596 0.000000 0.155458 0.987601 0.021828 0.000000 -0.143267 0.000678 0.989684 0.000000 -31.013678 17.298880 -15.120407 1.000000 
48 0.995129 0.095265 -0.025341 0.000000 -0.097541 0.988759 -0.113322 0.000000 0.014260 0.115242 0.993235 0.000000 -20.700811 15.694290 10.685715 1.000000 
53 0.997985 -0.062962 0.007910 0.000000 0.062857 0.997940 0.012859 0.000000 -0.008704 -0.012336 0.999886 0.000000 -14.318879 17.350750 6.831586 1.000000 
58 0.966801 0.059468 -0.248516 0.000000 -0.058653 0.998221 0.010690 0.000000 0.248709 0.004241 0.968569 0.000000 -28.104597 17.700356 12.746837 1.000000 
63 0.948614 -0.182060 -0.258816 0.000000 0.173626 0.983259 -0.055286 0.000000 0.264548 0.007508 0.964343 0.000000 -33.690662 18.194910 10.266080 1.000000 
4 0.930123 -0.365246 -0.038303 0.000000 0.365233 0.930885 -0.007591 0.000000 0.038429 -0.006929 0.999237 0.000000 -5.953870 6.960958 7.044949 1.000000 
7 0.942060 -0.325516 0.081008 0.000000 0.327027 0.944998 -0.005759 0.000000 -0.074677 0.031917 0.996697 0.000000 -4.639484 6.521054 -5.419574 1.000000 
29 0.996927 0.038124 0.068437 0.000000 -0.039754 0.998954 0.022616 0.000000 -0.067503 -0.025267 0.997399 0.000000 -8.241101 51.582661 -30.035444 1.000000 
34 0.996534 0.064891 0.052048 0.000000 -0.067094 0.996873 0.041739 0.000000 -0.049176 -0.045086 0.997772 0.000000 24.317348 34.964764 -17.942892 1.000000 
39 0.968672 0.059545 0.241099 0.000000 -0.069066 0.997123 0.031227 0.000000 -0.238546 -0.046900 0.969998 0.000000 -24.364838 45.686195 -31.742966 1.000000 
44 0.989925 -0.076443 0.119182 0.000000 0.081264 0.996038 -0.036119 0.000000 -0.115949 0.045441 0.992215 0.000000 -27.243336 66.233475 -30.826420 1.000000 
49 0.998780 0.037145 -0.032541 0.000000 -0.038675 0.998112 -0.047716 0.000000 0.030707 0.048916 0.998331 0.000000 -12.920847 53.823776 26.036354 1.000000 
54 0.999131 0.038055 0.017005 0.000000 -0.037728 0.999103 -0.019204 0.000000 -0.017721 0.018546 0.999671 0.000000 17.714785 42.503677 19.161905 1.000000 
59 0.966679 0.058435 -0.249232 0.000000 -0.060535 0.998166 -0.000763 0.000000 0.248730 0.015825 0.968444 0.000000 -27.004200 45.278763 30.567598 1.000000 
64 0.968775 -0.083512 -0.233453 0.000000 0.092109 0.995405 0.026151 0.000000 0.230197 -0.046838 0.972016 0.000000 -26.912184 67.205978 24.669462 1.000000 
5 0.995595 -0.091813 0.018980 0.000000 0.091798 0.995776 0.001680 0.000000 -0.019055 0.000069 0.999818 0.000000 -6.895484 2.727144 7.233793 1.000000 
8 0.991683 -0.114941 0.057904 0.000000 0.117220 0.992393 -0.037630 0.000000 -0.053138 0.044104 0.997613 0.000000 -5.387213 2.224279 -5.520002 1.000000 
30 0.996942 0.010339 0.077460 0.000000 -0.009755 0.999921 -0.007917 0.000000 -0.077535 0.007137 0.996964 0.000000 7.616600 50.996857 -50.551777 1.000000 
35 0.982749 0.184067 0.017987 0.000000 -0.184929 0.979257 0.082805 0.000000 -0.002372 -0.084703 0.996403 0.000000 61.986794 27.472971 -26.501894 1.000000 
40 0.969092 0.067438 0.237305 0.000000 -0.069309 0.997595 -0.000462 0.000000 -0.236765 -0.015999 0.971435 0.000000 -23.726141 42.911156 -52.868122 1.000000 
45 0.996295 -0.003161 0.085938 0.000000 0.010996 0.995804 -0.090852 0.000000 -0.085290 0.091461 0.992149 0.000000 -45.305126 59.044430 -48.016575 1.000000 
50 0.998589 -0.018097 -0.049935 0.000000 0.018840 0.999718 0.014435 0.000000 0.049660 -0.015355 0.998648 0.000000 2.169880 53.734253 47.131172 1.000000 
55 0.996644 0.076076 0.030204 0.000000 -0.075069 0.996626 -0.033175 0.000000 -0.032626 0.030797 0.998993 0.000000 54.502682 33.739483 30.034592 1.000000 
60 0.966511 0.058211 -0.249934 0.000000 -0.061632 0.998082 -0.005873 0.000000 0.249113 0.021080 0.968245 0.000000 -26.177002 41.867836 51.592876 1.000000 
65 0.982262 0.009671 -0.187266 0.000000 0.009683 0.994721 0.102161 0.000000 0.187266 -0.102162 0.976982 0.000000 -42.904285 60.137573 43.845127 1.000000 
31 0.996358 -0.009425 0.084752 0.000000 0.011997 0.999481 -0.029898 0.000000 -0.084427 0.030806 0.995953 0.000000 24.789352 35.133862 -63.378517 1.000000 
36 0.987170 0.159653 -0.002612 0.000000 -0.158717 0.982907 0.093290 0.000000 0.017462 -0.091679 0.995636 0.000000 91.032394 13.945993 -30.576777 1.000000 
41 0.969385 0.072641 0.234554 0.000000 -0.069473 0.997347 -0.021750 0.000000 -0.235512 0.004789 0.971860 0.000000 -24.571981 27.480282 -67.038177 1.000000 
46 0.997364 0.021523 0.069302 0.000000 -0.013840 0.993892 -0.109490 0.000000 -0.071235 0.108242 0.991569 0.000000 -65.350182 33.548763 -53.889431 1.000000 
51 0.996301 -0.056887 -0.064406 0.000000 0.060724 0.996393 0.059280 0.000000 0.060801 -0.062971 0.996162 0.000000 18.516726 37.303547 60.317371 1.000000 
56 0.996977 0.069210 0.035324 0.000000 -0.067951 0.997050 -0.035688 0.000000 -0.037690 0.033180 0.998739 0.000000 81.722816 16.916643 34.428562 1.000000 
61 0.966092 0.053533 -0.252589 0.000000 -0.062313 0.997694 -0.026886 0.000000 0.250567 0.041713 0.967200 0.000000 -26.962610 26.545382 65.883606 1.000000 
66 0.986713 0.059470 -0.151197 0.000000 -0.037563 0.988890 0.143826 0.000000 0.158070 -0.136236 0.977984 0.000000 -61.972580 34.338264 51.403015 1.000000 
67 1.000000 0.000000 0.000000 0.000000 0.000000 1.000000 0.000000 0.000000 0.000000 0.000000 1.000000 0.000000 0.000000 83.070496 0.000000 1.000000 
68 1.000000 0.000000 0.000000 0.000000 0.000000 1.000000 0.000000 0.000000 0.000000 0.000000 1.000000 0.000000 -10.226984 0.232216 0.001319 1.000000 
69 1.000000 0.000000 0.000000 0.000000 0.000000 1.000000 0.000000 0.000000 0.000000 0.000000 1.000000 0.000000 -10.226978 70.730209 0.001320 1.000000 
70 1.000000 0.000000 0.000000 0.000000 0.000000 1.000000 0.000000 0.000000 0.000000 0.000000 1.000000 0.000000 -10.226987 0.232216 0.001319 1.000000 
71 1.000000 0.000000 0.000000 0.000000 0.000000 1.000000 0.000000 0.000000 0.000000 0.000000 1.000000 0.000000 -10.226987 0.232216 0.001319 1.000000 
72 1.000000 0.000000 0.000000 0.000000 0.000000 1.000000 0.000000 0.000000 0.000000 0.000000 1.000000 0.000000 115.125870 0.000000 -32.474308 1.000000 
73 1.000000 0.000000 0.000000 0.000000 0.000000 1.000000 0.000000 0.000000 0.000000 0.000000 1.000000 0.000000 62.749397 0.000000 -78.997215 1.000000 
74 1.000000 0.000000 0.000000 0.000000 0.000000 1.000000 0.000000 0.000000 0.000000 0.000000 1.000000 0.000000 1.802011 0.000000 -75.468254 1.000000 
75 1.000000 0.000000 0.000000 0.000000 0.000000 1.000000 0.000000 0.000000 0.000000 0.000000 1.000000 0.000000 -89.168083 0.000000 -51.799946 1.000000 
76 1.000000 0.000000 0.000000 0.000000 0.000000 1.000000 0.000000 0.000000 0.000000 0.000000 1.000000 0.000000 119.592667 0.000000 32.457558 1.000000 
77 1.000000 0.000000 0.000000 0.000000 0.000000 1.000000 0.000000 0.000000 0.000000 0.000000 1.000000 0.000000 55.606968 0.000000 78.943047 1.000000 
78 1.000000 0.000000 0.000000 0.000000 0.000000 1.000000 0.000000 0.000000 0.000000 0.000000 1.000000 0.000000 5.046760 0.000000 75.453720 1.000000 
79 1.000000 0.000000 0.000000 0.000000 0.000000 1.000000 0.000000 0.000000 0.000000 0.000000 1.000000 0.000000 -89.121231 0.000000 51.801723 1.000000 
80 1.000000 0.000000 0.000000 0.000000 0.000000 1.000000 0.000000 0.000000 0.000000 0.000000 1.000000 0.000000 132.160492 0.000000 -32.441174 1.000000 
81 1.000000 0.000000 0.000000 0.000000 0.000000 1.000000 0.000000 0.000000 0.000000 0.000000 1.000000 0.000000 68.761414 0.000000 -79.050568 1.000000 
82 1.000000 0.000000 0.000000 0.000000 0.000000 1.000000 0.000000 0.000000 0.000000 0.000000 1.000000 0.000000 13.905589 0.000000 -75.478256 1.000000 
83 1.000000 0.000000 0.000000 0.000000 0.000000 1.000000 0.000000 0.000000 0.000000 0.000000 1.000000 0.000000 -58.008385 0.000000 -51.798386 1.000000 
84 1.000000 0.000000 0.000000 0.000000 0.000000 1.000000 0.000000 0.000000 0.000000 0.000000 1.000000 0.000000 139.501648 0.000000 32.435669 1.000000 
85 1.000000 0.000000 0.000000 0.000000 0.000000 1.000000 0.000000 0.000000 0.000000 0.000000 1.000000 0.000000 59.696896 0.000000 78.963730 1.000000 
86 1.000000 0.000000 0.000000 0.000000 0.000000 1.000000 0.000000 0.000000 0.000000 0.000000 1.000000 0.000000 16.943512 0.000000 75.447723 1.000000 
87 1.000000 0.000000 0.000000 0.000000 0.000000 1.000000 0.000000 0.000000 0.000000 0.000000 1.000000 0.000000 -58.530979 0.000000 51.800949 1.000000 
10 0.966176 -0.257833 -0.005165 0.000000 0.257748 0.966122 -0.013201 0.000000 0.008393 0.011423 0.999900 0.000000 -52.760517 82.341591 -3.063286 1.000000 
11 0.880621 -1.076381 0.003089 0.000000 1.076262 0.880456 -0.023693 0.000000 0.016382 0.017393 1.390515 0.000000 -65.350166 83.458466 -1.499143 1.000000 
21 0.964858 -0.238566 0.110164 0.000000 0.240970 0.970492 -0.008845 0.000000 -0.104803 0.035080 0.993874 0.000000 -23.566711 49.279678 -2.613750 1.000000 
23 0.964858 -0.238566 0.110164 0.000000 0.240970 0.970492 -0.008845 0.000000 -0.104803 0.035080 0.993874 0.000000 -27.345140 19.748932 -1.969857 1.000000 
24 0.964858 -0.238566 0.110164 0.000000 0.240970 0.970492 -0.008845 0.000000 -0.104803 0.035080 0.993874 0.000000 -27.345139 19.748934 -1.969857 1.000000 
25 0.964858 -0.238566 0.110164 0.000000 0.240970 0.970492 -0.008845 0.000000 -0.104803 0.035080 0.993874 0.000000 -27.345139 19.748934 -1.969857 1.000000 
26 0.964858 -0.238566 0.110164 0.000000 0.240970 0.970492 -0.008845 0.000000 -0.104803 0.035080 0.993874 0.000000 -27.345139 19.748934 -1.969857 1.000000 
14 0.964858 -0.238566 0.110164 0.000000 0.240970 0.970492 -0.008845 0.000000 -0.104803 0.035080 0.993874 0.000000 -8.948772 20.184214 -0.045337 1.000000 
15 0.964858 -0.238566 0.110164 0.000000 0.240970 0.970492 -0.008845 0.000000 -0.104803 0.035080 0.993874 0.000000 -6.224976 12.364192 0.517899 1.000000 
16 0.964858 -0.238566 0.110164 0.000000 0.240970 0.970492 -0.008845 0.000000 -0.104803 0.035080 0.993874 0.000000 -6.691542 17.440796 -2.719494 1.000000 
17 0.964858 -0.238566 0.110164 0.000000 0.240970 0.970492 -0.008845 0.000000 -0.104803 0.035080 0.993874 0.000000 -7.412418 17.773109 3.213749 1.000000 
18 0.964858 -0.238566 0.110164 0.000000 0.240970 0.970492 -0.008845 0.000000 -0.104803 0.035080 0.993874 0.000000 -15.024213 15.723889 -0.528948 1.000000 
19 0.964858 -0.238566 0.110164 0.000000 0.240970 0.970492 -0.008845 0.000000 -0.104803 0.035080 0.993874 0.000000 -15.024213 15.723889 -0.528948 1.000000 
20 0.964858 -0.238566 0.110164 0.000000 0.240970 0.970492 -0.008845 0.000000 -0.104803 0.035080 0.993874 0.000000 -15.024211 15.723888 -0.528946 1.000000 
22 0.964858 -0.238566 0.110164 0.000000 0.240970 0.970492 -0.008845 0.000000 -0.104803 0.035080 0.993874 0.000000 -23.687038 48.795071 -2.609334 1.000000 
[KEY]
1 1.000000 0.000000 0.000000 0.000000 0.000000 1.000000 0.000000 0.000000 0.000000 0.000000 1.000000 0.000000 -10.226984 0.232216 0.001319 1.000000 
2 0.893077 -0.384562 0.233507 0.000000 0.394693 0.918806 0.003624 0.000000 -0.215941 0.088927 0.972348 0.000000 -52.613510 -0.596674 -2.593588 1.000000 
3 0.893077 -0.384562 0.233507 0.000000 0.394693 0.918806 0.003624 0.000000 -0.215941 0.088927 0.972348 0.000000 -26.765722 8.645800 5.096313 1.000000 
6 0.893077 -0.384562 0.233507 0.000000 0.394693 0.918806 0.003624 0.000000 -0.215941 0.088927 0.972348 0.000000 -25.588964 8.161255 -0.202398 1.000000 
9 0.825269 -0.561369 0.061620 0.000000 0.559412 0.827554 0.047035 0.000000 -0.077398 -0.004346 0.996991 0.000000 -49.509987 19.190702 -3.714428 1.000000 
12 0.893077 -0.384562 0.233507 0.000000 0.394693 0.918806 0.003624 0.000000 -0.215941 0.088927 0.972348 0.000000 -49.509987 19.190702 -3.714428 1.000000 
27 0.893077 -0.384562 0.233507 0.000000 0.394693 0.918806 0.003624 0.000000 -0.215941 0.088927 0.972348 0.000000 -38.356888 10.325644 -8.828845 1.000000 
32 0.893077 -0.384562 0.233507 0.000000 0.394693 0.918806 0.003624 0.000000 -0.215941 0.088927 0.972348 0.000000 -33.496140 12.317104 -5.111414 1.000000 
37 0.893077 -0.384562 0.233507 0.000000 0.394693 0.918806 0.003624 0.000000 -0.215941 0.088927 0.972348 0.000000 -42.880642 12.928432 -10.912157 1.000000 
42 0.893077 -0.384562 0.233507 0.000000 0.394693 0.918806 0.003624 0.000000 -0.215941 0.088927 0.972348 0.000000 -46.464302 15.225982 -9.913640 1.000000 
47 0.893077 -0.384562 0.233507 0.000000 0.394693 0.918806 0.003624 0.000000 -0.215941 0.088927 0.972348 0.000000 -41.885445 11.778705 7.059615 1.000000 
52 0.893077 -0.384562 0.233507 0.000000 0.394693 0.918806 0.003624 0.000000 -0.215941 0.088927 0.972348 0.000000 -35.840454 13.282533 5.444492 1.000000 
57 0.893077 -0.384562 0.233507 0.000000 0.394693 0.918806 0.003624 0.000000 -0.215941 0.088927 0.972348 0.000000 -46.762188 14.526940 6.565865 1.000000 
62 0.893077 -0.384562 0.233507 0.000000 0.394693 0.918806 0.003624 0.000000 -0.215941 0.088927 0.972348 0.000000 -49.504097 16.477774 3.774013 1.000000 
13 0.893077 -0.384562 0.233507 0.000000 0.394693 0.918806 0.003624 0.000000 -0.215941 0.088927 0.972348 0.000000 -33.488762 11.880346 0.512186 1.000000 
28 0.983139 0.147470 0.108119 0.000000 -0.159932 0.980117 0.117439 0.000000 -0.088650 -0.132751 0.987177 0.000000 -35.326031 11.090517 -11.896473 1.000000 
33 0.980427 -0.190945 0.047982 0.000000 0.192772 0.980552 -0.036825 0.000000 -0.040017 0.045354 0.998169 0.000000 -30.263002 12.354071 -6.320109 1.000000 
38 0.895173 0.100819 0.434167 0.000000 -0.143894 0.987294 0.067422 0.000000 -0.421853 -0.122829 0.898306 0.000000 -41.248238 13.809830 -16.437595 1.000000 
43 0.982712 -0.141573 0.119303 0.000000 0.159717 0.974180 -0.159575 0.000000 -0.093631 0.175871 0.979950 0.000000 -47.146606 15.423014 -15.979237 1.000000 
48 0.984239 0.111649 -0.137142 0.000000 -0.130514 0.981893 -0.137302 0.000000 0.119329 0.153037 0.980989 0.000000 -40.396084 13.178443 10.933181 1.000000 
53 0.997132 -0.068707 0.031739 0.000000 0.068404 0.997602 0.010517 0.000000 -0.032385 -0.008315 0.999441 0.000000 -33.414948 13.652110 7.872691 1.000000 
58 0.954248 0.067975 -0.291189 0.000000 -0.040673 0.994274 0.098815 0.000000 0.296238 -0.082451 0.951549 0.000000 -47.568550 16.412563 12.021656 1.000000 
63 0.854315 -0.279932 -0.437931 0.000000 0.265452 0.959391 -0.095414 0.000000 0.446856 -0.034736 0.893931 0.000000 -52.662392 17.694448 8.857421 1.000000 
4 0.907760 -0.409568 0.090691 0.000000 0.410163 0.911922 0.012842 0.000000 -0.087963 0.025541 0.995796 0.000000 -26.934967 2.080348 9.311719 1.000000 
7 0.878485 -0.428932 0.210433 0.000000 0.437992 0.898970 0.003931 0.000000 -0.190860 0.088715 0.977600 0.000000 -24.226749 0.965130 -2.882842 1.000000 
29 0.989140 0.092165 0.114487 0.000000 -0.099462 0.993246 0.059739 0.000000 -0.108208 -0.070478 0.991627 0.000000 -28.404806 49.835190 -26.073149 1.000000 
34 0.995759 0.090159 0.018333 0.000000 -0.091030 0.994378 0.054094 0.000000 -0.013352 -0.055533 0.998368 0.000000 5.350603 32.744019 -17.580193 1.000000 
39 0.895341 0.108048 0.432077 0.000000 -0.138930 0.989476 0.040452 0.000000 -0.423159 -0.096247 0.900929 0.000000 -39.325451 43.107857 -31.178186 1.000000 
44 0.985597 -0.128247 0.110232 0.000000 0.142727 0.980450 -0.135454 0.000000 -0.090705 0.149236 0.984632 0.000000 -43.999176 60.797848 -40.201271 1.000000 
49 0.988428 0.050418 -0.143063 0.000000 -0.061741 0.995206 -0.075846 0.000000 0.138554 0.083801 0.986803 0.000000 -31.821201 51.992756 23.969603 1.000000 
54 0.996821 0.067276 0.042691 0.000000 -0.065761 0.997187 -0.035968 0.000000 -0.044991 0.033047 0.998441 0.000000 -1.533991 38.667908 20.860247 1.000000 
59 0.952456 0.052051 -0.300196 0.000000 -0.058664 0.998192 -0.013052 0.000000 0.298974 0.030042 0.953788 0.000000 -45.110310 42.336918 32.052731 1.000000 
64 0.903016 -0.142938 -0.405131 0.000000 0.174442 0.983783 0.041725 0.000000 0.392597 -0.108350 0.913306 0.000000 -37.911003 65.477020 21.295752 1.000000 
5 0.973475 -0.181461 0.139347 0.000000 0.184536 0.982781 -0.009370 0.000000 -0.135248 0.034836 0.990199 0.000000 -28.106993 -2.095675 9.497916 1.000000 
8 0.955062 -0.230399 0.186472 0.000000 0.243917 0.968357 -0.052810 0.000000 -0.168404 0.095920 0.981040 0.000000 -25.474665 -3.214784 -2.932713 1.000000 
30 0.990714 0.035897 0.131140 0.000000 -0.036378 0.999337 0.001272 0.000000 -0.131008 -0.006031 0.991363 0.000000 -11.682883 51.009079 -45.865295 1.000000 
35 0.980236 0.197522 -0.011039 0.000000 -0.195630 0.976122 0.094416 0.000000 0.029424 -0.090390 0.995472 0.000000 42.879280 26.308065 -27.507307 1.000000 
40 0.895580 0.116051 0.429498 0.000000 -0.134317 0.990862 0.012343 0.000000 -0.424140 -0.068743 0.902984 0.000000 -34.316959 41.146587 -51.804615 1.000000 
45 0.990117 -0.105130 0.092822 0.000000 0.117693 0.982803 -0.142289 0.000000 -0.076266 0.151807 0.985463 0.000000 -62.855198 53.150642 -56.306637 1.000000 
50 0.986522 -0.018363 -0.162597 0.000000 0.017385 0.999821 -0.007439 0.000000 0.162705 0.004512 0.986664 0.000000 -14.519910 52.849678 43.274014 1.000000 
55 0.991171 0.118557 0.059366 0.000000 -0.115265 0.991748 -0.056127 0.000000 -0.065530 0.048788 0.996657 0.000000 35.185368 31.139050 32.834423 1.000000 
60 0.950354 0.040895 -0.308470 0.000000 -0.068943 0.994361 -0.080578 0.000000 0.303436 0.097844 0.947815 0.000000 -43.192924 39.247162 53.056492 1.000000 
65 0.940498 -0.018863 -0.339274 0.000000 0.079279 0.983083 0.165111 0.000000 0.330421 -0.182184 0.926084 0.000000 -50.805119 58.712860 42.776062 1.000000 
31 0.989326 -0.003886 0.145667 0.000000 0.009861 0.999138 -0.040320 0.000000 -0.145385 0.041326 0.988512 0.000000 6.575538 35.750767 -57.901791 1.000000 
36 0.985753 0.163207 -0.040665 0.000000 -0.158049 0.981509 0.107988 0.000000 0.057537 -0.100023 0.993320 0.000000 71.967575 13.207049 -32.553616 1.000000 
41 0.896041 0.121706 0.426964 0.000000 -0.130093 0.991455 -0.009598 0.000000 -0.424484 -0.046944 0.904218 0.000000 -31.286879 26.267475 -66.263115 1.000000 
46 0.994377 -0.074580 0.075187 0.000000 0.085874 0.983320 -0.160336 0.000000 -0.061975 0.165891 0.984195 0.000000 -85.507912 29.671444 -60.986954 1.000000 
51 0.981614 -0.066040 -0.179086 0.000000 0.074550 0.996366 0.041206 0.000000 0.175714 -0.053799 0.982970 0.000000 3.266404 36.695854 54.839668 1.000000 
56 0.992004 0.105073 0.069918 0.000000 -0.100905 0.993043 -0.060688 0.000000 -0.075808 0.053148 0.995705 0.000000 62.927036 15.566094 38.414150 1.000000 
61 0.949286 0.031101 -0.312872 0.000000 -0.072505 0.989930 -0.121583 0.000000 0.305940 0.138101 0.941981 0.000000 -43.058578 25.094540 68.525978 1.000000 
66 0.955097 0.037819 -0.293869 0.000000 0.029709 0.974599 0.221980 0.000000 0.294799 -0.220743 0.929713 0.000000 -69.843636 33.271255 51.527382 1.000000 
67 1.000000 0.000000 0.000000 0.000000 0.000000 1.000000 0.000000 0.000000 0.000000 0.000000 1.000000 0.000000 0.000000 83.070496 0.000000 1.000000 
68 1.000000 0.000000 0.000000 0.000000 0.000000 1.000000 0.000000 0.000000 0.000000 0.000000 1.000000 0.000000 -10.226984 0.232216 0.001319 1.000000 
69 1.000000 0.000000 0.000000 0.000000 0.000000 1.000000 0.000000 0.000000 0.000000 0.000000 1.000000 0.000000 -10.226978 70.730209 0.001320 1.000000 
70 1.000000 0.000000 0.000000 0.000000 0.000000 1.000000 0.000000 0.000000 0.000000 0.000000 1.000000 0.000000 -10.226987 0.232216 0.001319 1.000000 
71 1.000000 0.000000 0.000000 0.000000 0.000000 1.000000 0.000000 0.000000 0.000000 0.000000 1.000000 0.000000 -10.226987 0.232216 0.001319 1.000000 
72 1.000000 0.000000 0.000000 0.000000 0.000000 1.000000 0.000000 0.000000 0.000000 0.000000 1.000000 0.000000 115.125870 0.000000 -32.474308 1.000000 
73 1.000000 0.000000 0.000000 0.000000 0.000000 1.000000 0.000000 0.000000 0.000000 0.000000 1.000000 0.000000 62.749397 0.000000 -78.997215 1.000000 
74 1.000000 0.000000 0.000000 0.000000 0.000000 1.000000 0.000000 0.000000 0.000000 0.000000 1.000000 0.000000 1.802011 0.000000 -75.468254 1.000000 
75 1.000000 0.000000 0.000000 0.000000 0.000000 1.000000 0.000000 0.000000 0.000000 0.000000 1.000000 0.000000 -89.168083 0.000000 -51.799946 1.000000 
76 1.000000 0.000000 0.000000 0.000000 0.000000 1.000000 0.000000 0.000000 0.000000 0.000000 1.000000 0.000000 119.592667 0.000000 32.457558 1.000000 
77 1.000000 0.000000 0.000000 0.000000 0.000000 1.000000 0.000000 0.000000 0.000000 0.000000 1.000000 0.000000 55.606968 0.000000 78.943047 1.000000 
78 1.000000 0.000000 0.000000 0.000000 0.000000 1.000000 0.000000 0.000000 0.000000 0.000000 1.000000 0.000000 5.046760 0.000000 75.453720 1.000000 
79 1.000000 0.000000 0.000000 0.000000 0.000000 1.000000 0.000000 0.000000 0.000000 0.000000 1.000000 0.000000 -89.121231 0.000000 51.801723 1.000000 
80 1.000000 0.000000 0.000000 0.000000 0.000000 1.000000 0.000000 0.000000 0.000000 0.000000 1.000000 0.000000 132.160492 0.000000 -32.441174 1.000000 
81 1.000000 0.000000 0.000000 0.000000 0.000000 1.000000 0.000000 0.000000 0.000000 0.000000 1.000000 0.000000 68.761414 0.000000 -79.050568 1.000000 
82 1.000000 0.000000 0.000000 0.000000 0.000000 1.000000 0.000000 0.000000 0.000000 0.000000 1.000000 0.000000 13.905589 0.000000 -75.478256 1.000000 
83 1.000000 0.000000 0.000000 0.000000 0.000000 1.000000 0.000000 0.000000 0.000000 0.000000 1.000000 0.000000 -58.008385 0.000000 -51.798386 1.000000 
84 1.000000 0.000000 0.000000 0.000000 0.000000 1.000000 0.000000 0.000000 0.000000 0.000000 1.000000 0.000000 139.501648 0.000000 32.435669 1.000000 
85 1.000000 0.000000 0.000000 0.000000 0.000000 1.000000 0.000000 0.000000 0.000000 0.000000 1.000000 0.000000 59.696896 0.000000 78.963730 1.000000 
86 1.000000 0.000000 0.000000 0.000000 0.000000 1.000000 0.000000 0.000000 0.000000 0.000000 1.000000 0.000000 16.943512 0.000000 75.447723 1.000000 
87 1.000000 0.000000 0.000000 0.000000 0.000000 1.000000 0.000000 0.000000 0.000000 0.000000 1.000000 0.000000 -58.530979 0.000000 51.800949 1.000000 
10 0.825269 -0.561369 0.061620 0.000000 0.559412 0.827554 0.047035 0.000000 -0.077398 -0.004346 0.996991 0.000000 -48.377491 84.373260 -3.342083 1.000000 
11 0.476540 -1.306193 0.029480 0.000000 1.302484 0.477412 0.098582 0.000000 -0.102710 -0.006170 1.386908 0.000000 -59.997272 89.551933 -2.746060 1.000000 
21 0.893077 -0.384562 0.233507 0.000000 0.394693 0.918806 0.003624 0.000000 -0.215941 0.088927 0.972348 0.000000 -36.156067 46.263996 -3.224355 1.000000 
23 0.893077 -0.384562 0.233507 0.000000 0.394693 0.918806 0.003624 0.000000 -0.215941 0.088927 0.972348 0.000000 -44.730045 17.755253 -2.521198 1.000000 
24 0.893077 -0.384562 0.233507 0.000000 0.394693 0.918806 0.003624 0.000000 -0.215941 0.088927 0.972348 0.000000 -44.730045 17.755253 -2.521198 1.000000 
25 0.893077 -0.384562 0.233507 0.000000 0.394693 0.918806 0.003624 0.000000 -0.215941 0.088927 0.972348 0.000000 -44.730045 17.755253 -2.521198 1.000000 
26 0.893077 -0.384562 0.233507 0.000000 0.394693 0.918806 0.003624 0.000000 -0.215941 0.088927 0.972348 0.000000 -44.730045 17.755253 -2.521198 1.000000 
14 0.893077 -0.384562 0.233507 0.000000 0.394693 0.918806 0.003624 0.000000 -0.215941 0.088927 0.972348 0.000000 -26.871763 15.333267 1.666317 1.000000 
15 0.893077 -0.384562 0.233507 0.000000 0.394693 0.918806 0.003624 0.000000 -0.215941 0.088927 0.972348 0.000000 -25.541494 7.206729 2.704961 1.000000 
16 0.893077 -0.384562 0.233507 0.000000 0.394693 0.918806 0.003624 0.000000 -0.215941 0.088927 0.972348 0.000000 -24.786362 12.166588 -0.656568 1.000000 
17 0.893077 -0.384562 0.233507 0.000000 0.394693 0.918806 0.003624 0.000000 -0.215941 0.088927 0.972348 0.000000 -26.148794 12.833841 5.134117 1.000000 
18 0.893077 -0.384562 0.233507 0.000000 0.394693 0.918806 0.003624 0.000000 -0.215941 0.088927 0.972348 0.000000 -33.488762 11.880346 0.512186 1.000000 
19 0.893077 -0.384562 0.233507 0.000000 0.394693 0.918806 0.003624 0.000000 -0.215941 0.088927 0.972348 0.000000 -33.488762 11.880346 0.512186 1.000000 
