[FRAME_COUNT]
80
[DURATION]
3.333333
[BONE_COUNT]
87
[KEY]
1 1.000000 0.000000 0.000000 0.000000 0.000000 1.000000 0.000000 0.000000 0.000000 0.000000 1.000000 0.000000 -10.226984 0.232216 0.001319 1.000000 
2 1.000000 0.000000 0.000000 0.000000 0.000000 1.000000 0.000000 0.000000 0.000000 0.000000 1.000000 0.000000 -10.226984 0.556597 0.001319 1.000000 
3 1.000000 0.000000 0.000000 0.000000 0.000000 1.000000 0.000000 0.000000 0.000000 0.000000 1.000000 0.000000 11.098431 19.278442 2.718880 1.000000 
6 1.000000 0.000000 0.000000 0.000000 0.000000 1.000000 0.000000 0.000000 0.000000 0.000000 1.000000 0.000000 11.098417 19.278494 -2.730513 1.000000 
9 0.991326 0.131429 0.000000 0.000000 -0.131429 0.991326 0.000000 0.000000 0.000000 0.000000 1.000000 0.000000 -15.326487 19.958233 0.000921 1.000000 
12 1.000000 0.000000 0.000000 0.000000 0.000000 1.000000 0.000000 0.000000 0.000000 0.000000 1.000000 0.000000 -15.326487 19.958233 0.000921 1.000000 
27 1.000000 0.000000 0.000000 0.000000 0.000000 1.000000 0.000000 0.000000 0.000000 0.000000 1.000000 0.000000 -3.151001 16.196474 -8.168830 1.000000 
32 1.000000 0.000000 0.000000 0.000000 0.000000 1.000000 0.000000 0.000000 0.000000 0.000000 1.000000 0.000000 1.292232 19.958218 -5.426734 1.000000 
37 1.000000 0.000000 0.000000 0.000000 0.000000 1.000000 0.000000 0.000000 0.000000 0.000000 1.000000 0.000000 -8.678464 16.794888 -8.986213 1.000000 
42 1.000000 0.000000 0.000000 0.000000 0.000000 1.000000 0.000000 0.000000 0.000000 0.000000 1.000000 0.000000 -12.529337 17.495066 -7.037132 1.000000 
47 1.000000 0.000000 0.000000 0.000000 0.000000 1.000000 0.000000 0.000000 0.000000 0.000000 1.000000 0.000000 -3.150999 16.196445 8.171465 1.000000 
52 1.000000 0.000000 0.000000 0.000000 0.000000 1.000000 0.000000 0.000000 0.000000 0.000000 1.000000 0.000000 1.292188 19.958231 5.429370 1.000000 
57 1.000000 0.000000 0.000000 0.000000 0.000000 1.000000 0.000000 0.000000 0.000000 0.000000 1.000000 0.000000 -8.678467 16.794935 8.988850 1.000000 
62 1.000000 0.000000 0.000000 0.000000 0.000000 1.000000 0.000000 0.000000 0.000000 0.000000 1.000000 0.000000 -12.529338 17.495041 7.039771 1.000000 
13 1.000000 0.000000 0.000000 0.000000 0.000000 1.000000 0.000000 0.000000 0.000000 0.000000 1.000000 0.000000 2.779930 19.580214 0.000931 1.000000 
28 0.999976 -0.006831 0.001309 0.000000 0.006841 0.999944 -0.008052 0.000000 -0.001254 0.008061 0.999967 0.000000 -1.454664 18.084385 -11.738103 1.000000 
33 0.999998 -0.002136 0.000001 0.000000 0.002136 0.999998 -0.000488 0.000000 0.000001 0.000488 1.000000 0.000000 3.883216 21.263897 -7.296888 1.000000 
38 0.999991 0.004205 -0.000826 0.000000 -0.004217 0.999870 -0.015562 0.000000 0.000761 0.015565 0.999879 0.000000 -8.849779 18.228994 -14.632987 1.000000 
43 0.999990 0.004455 -0.000677 0.000000 -0.004456 0.999987 -0.002501 0.000000 0.000666 0.002504 0.999997 0.000000 -14.630817 17.384815 -12.770145 1.000000 
48 0.999975 -0.007017 -0.000638 0.000000 0.007021 0.999943 0.007993 0.000000 0.000582 -0.007998 0.999968 0.000000 -1.454666 18.084412 11.740780 1.000000 
53 0.999998 -0.002136 -0.000000 0.000000 0.002136 0.999998 0.000427 0.000000 -0.000000 -0.000427 1.000000 0.000000 3.883228 21.263931 7.299524 1.000000 
58 0.999991 0.004205 0.000826 0.000000 -0.004217 0.999871 0.015501 0.000000 -0.000761 -0.015504 0.999880 0.000000 -8.849784 18.228966 14.635589 1.000000 
63 0.999991 0.004089 0.000615 0.000000 -0.004090 0.999989 0.002196 0.000000 -0.000606 -0.002199 0.999997 0.000000 -14.630815 17.384796 12.772816 1.000000 
4 1.000000 0.000000 0.000000 0.000000 0.000000 1.000000 0.000000 0.000000 0.000000 0.000000 1.000000 0.000000 14.456429 13.194545 6.270426 1.000000 
7 1.000000 0.000000 0.000000 0.000000 0.000000 1.000000 0.000000 0.000000 0.000000 0.000000 1.000000 0.000000 14.456430 13.194592 -6.270925 1.000000 
29 0.999976 -0.006831 0.001309 0.000000 0.006838 0.999961 -0.005611 0.000000 -0.001271 0.005620 0.999983 0.000000 9.796107 53.050667 -31.758354 1.000000 
34 0.999999 -0.001404 0.000000 0.000000 0.001404 0.999999 -0.000305 0.000000 0.000000 0.000305 1.000000 0.000000 34.424313 48.466335 -19.050066 1.000000 
39 0.999994 0.003542 -0.000207 0.000000 -0.003544 0.999921 -0.012022 0.000000 0.000164 0.012023 0.999928 0.000000 -10.704683 45.598637 -32.711113 1.000000 
44 0.999992 0.003966 -0.000676 0.000000 -0.003967 0.999991 -0.001525 0.000000 0.000670 0.001527 0.999999 0.000000 -21.078501 65.887451 -28.938335 1.000000 
49 0.999982 -0.006040 -0.000631 0.000000 0.006044 0.999962 0.006224 0.000000 0.000594 -0.006228 0.999980 0.000000 9.789214 53.049797 31.766376 1.000000 
54 0.999999 -0.001404 -0.000000 0.000000 0.001404 0.999999 0.000183 0.000000 -0.000000 -0.000183 1.000000 0.000000 34.424385 48.466934 19.050972 1.000000 
59 0.999993 0.003720 0.000575 0.000000 -0.003727 0.999923 0.011839 0.000000 -0.000531 -0.011841 0.999930 0.000000 -10.704673 45.599785 32.711998 1.000000 
64 0.999993 0.003600 0.000614 0.000000 -0.003601 0.999992 0.001464 0.000000 -0.000609 -0.001466 0.999999 0.000000 -21.060087 65.894722 28.926615 1.000000 
5 1.000000 0.000000 0.000000 0.000000 0.000000 1.000000 0.000000 0.000000 0.000000 0.000000 1.000000 0.000000 15.119763 8.908008 6.452275 1.000000 
8 1.000000 0.000000 0.000000 0.000000 0.000000 1.000000 0.000000 0.000000 0.000000 0.000000 1.000000 0.000000 15.142559 8.890202 -6.452322 1.000000 
30 0.999979 -0.006344 0.001063 0.000000 0.006349 0.999969 -0.004635 0.000000 -0.001033 0.004642 0.999989 0.000000 24.194187 51.151962 -53.248348 1.000000 
35 0.999999 -0.001160 0.000000 0.000000 0.001160 0.999999 -0.000305 0.000000 0.000000 0.000305 1.000000 0.000000 71.016998 38.058899 -29.101496 1.000000 
40 0.999995 0.003241 0.000163 0.000000 -0.003239 0.999944 -0.010069 0.000000 -0.000196 0.010069 0.999949 0.000000 -15.335521 41.865002 -53.180511 1.000000 
45 0.999993 0.003783 -0.000676 0.000000 -0.003784 0.999992 -0.001220 0.000000 0.000671 0.001222 0.999999 0.000000 -40.435852 57.779877 -44.201763 1.000000 
50 0.999985 -0.005493 -0.000262 0.000000 0.005494 0.999971 0.005248 0.000000 0.000233 -0.005249 0.999986 0.000000 24.174114 51.149429 53.265041 1.000000 
55 0.999999 -0.001160 -0.000000 0.000000 0.001160 0.999999 0.000183 0.000000 -0.000000 -0.000183 1.000000 0.000000 71.017105 38.060654 29.103729 1.000000 
60 0.999994 0.003418 0.000328 0.000000 -0.003421 0.999946 0.009764 0.000000 -0.000294 -0.009765 0.999952 0.000000 -15.342450 41.869095 53.180363 1.000000 
65 0.999994 0.003417 0.000614 0.000000 -0.003418 0.999994 0.001159 0.000000 -0.000610 -0.001161 0.999999 0.000000 -40.419506 57.795113 44.191776 1.000000 
31 0.999982 -0.005917 0.001061 0.000000 0.005921 0.999974 -0.004147 0.000000 -0.001036 0.004153 0.999991 0.000000 40.070110 35.057415 -67.389915 1.000000 
36 0.999999 -0.001160 0.000000 0.000000 0.001160 0.999999 -0.000305 0.000000 0.000000 0.000305 1.000000 0.000000 96.976372 19.072699 -32.079060 1.000000 
41 0.999995 0.003058 0.000165 0.000000 -0.003056 0.999955 -0.009032 0.000000 -0.000192 0.009031 0.999959 0.000000 -20.506187 26.386242 -66.344475 1.000000 
46 0.999993 0.003783 -0.000676 0.000000 -0.003784 0.999992 -0.001220 0.000000 0.000671 0.001222 0.999999 0.000000 -60.740047 32.619499 -50.606342 1.000000 
51 0.999987 -0.005066 -0.000260 0.000000 0.005067 0.999976 0.004699 0.000000 0.000236 -0.004700 0.999989 0.000000 40.052353 35.059734 67.409531 1.000000 
56 0.999999 -0.001160 -0.000000 0.000000 0.001160 0.999999 0.000183 0.000000 -0.000000 -0.000183 1.000000 0.000000 96.976807 19.074743 32.083633 1.000000 
61 0.999995 0.003235 0.000326 0.000000 -0.003237 0.999957 0.008666 0.000000 -0.000298 -0.008667 0.999962 0.000000 -20.516884 26.393433 66.346565 1.000000 
66 0.999994 0.003417 0.000614 0.000000 -0.003418 0.999994 0.001159 0.000000 -0.000610 -0.001161 0.999999 0.000000 -60.732498 32.642464 50.598988 1.000000 
67 1.000000 0.000000 0.000000 0.000000 0.000000 1.000000 0.000000 0.000000 0.000000 0.000000 1.000000 0.000000 0.000000 83.070496 0.000000 1.000000 
68 1.000000 0.000000 0.000000 0.000000 0.000000 1.000000 0.000000 0.000000 0.000000 0.000000 1.000000 0.000000 -10.226984 0.232216 0.001319 1.000000 
69 1.000000 0.000000 0.000000 0.000000 0.000000 1.000000 0.000000 0.000000 0.000000 0.000000 1.000000 0.000000 -10.226978 70.730209 0.001320 1.000000 
70 1.000000 0.000000 0.000000 0.000000 0.000000 1.000000 0.000000 0.000000 0.000000 0.000000 1.000000 0.000000 -10.226987 0.232216 0.001319 1.000000 
71 1.000000 0.000000 0.000000 0.000000 0.000000 1.000000 0.000000 0.000000 0.000000 0.000000 1.000000 0.000000 -10.226987 0.232216 0.001319 1.000000 
72 1.000000 0.000000 0.000000 0.000000 0.000000 1.000000 0.000000 0.000000 0.000000 0.000000 1.000000 0.000000 115.125870 0.000000 -32.474308 1.000000 
73 1.000000 0.000000 0.000000 0.000000 0.000000 1.000000 0.000000 0.000000 0.000000 0.000000 1.000000 0.000000 62.749397 0.000000 -78.997215 1.000000 
74 1.000000 0.000000 0.000000 0.000000 0.000000 1.000000 0.000000 0.000000 0.000000 0.000000 1.000000 0.000000 1.802011 0.000000 -75.468254 1.000000 
75 1.000000 0.000000 0.000000 0.000000 0.000000 1.000000 0.000000 0.000000 0.000000 0.000000 1.000000 0.000000 -89.168083 0.000000 -51.799946 1.000000 
76 1.000000 0.000000 0.000000 0.000000 0.000000 1.000000 0.000000 0.000000 0.000000 0.000000 1.000000 0.000000 119.592667 0.000000 32.457558 1.000000 
77 1.000000 0.000000 0.000000 0.000000 0.000000 1.000000 0.000000 0.000000 0.000000 0.000000 1.000000 0.000000 55.606968 0.000000 78.943047 1.000000 
78 1.000000 0.000000 0.000000 0.000000 0.000000 1.000000 0.000000 0.000000 0.000000 0.000000 1.000000 0.000000 5.046760 0.000000 75.453720 1.000000 
79 1.000000 0.000000 0.000000 0.000000 0.000000 1.000000 0.000000 0.000000 0.000000 0.000000 1.000000 0.000000 -89.121231 0.000000 51.801723 1.000000 
80 1.000000 0.000000 0.000000 0.000000 0.000000 1.000000 0.000000 0.000000 0.000000 0.000000 1.000000 0.000000 132.160492 0.000000 -32.441174 1.000000 
81 1.000000 0.000000 0.000000 0.000000 0.000000 1.000000 0.000000 0.000000 0.000000 0.000000 1.000000 0.000000 68.761414 0.000000 -79.050568 1.000000 
82 1.000000 0.000000 0.000000 0.000000 0.000000 1.000000 0.000000 0.000000 0.000000 0.000000 1.000000 0.000000 13.905589 0.000000 -75.478256 1.000000 
83 1.000000 0.000000 0.000000 0.000000 0.000000 1.000000 0.000000 0.000000 0.000000 0.000000 1.000000 0.000000 -58.008385 0.000000 -51.798386 1.000000 
84 1.000000 0.000000 0.000000 0.000000 0.000000 1.000000 0.000000 0.000000 0.000000 0.000000 1.000000 0.000000 139.501648 0.000000 32.435669 1.000000 
85 1.000000 0.000000 0.000000 0.000000 0.000000 1.000000 0.000000 0.000000 0.000000 0.000000 1.000000 0.000000 59.696896 0.000000 78.963730 1.000000 
86 1.000000 0.000000 0.000000 0.000000 0.000000 1.000000 0.000000 0.000000 0.000000 0.000000 1.000000 0.000000 16.943512 0.000000 75.447723 1.000000 
87 1.000000 0.000000 0.000000 0.000000 0.000000 1.000000 0.000000 0.000000 0.000000 0.000000 1.000000 0.000000 -58.530979 0.000000 51.800949 1.000000 
10 0.991326 0.131429 0.000000 0.000000 -0.131429 0.991326 0.000000 0.000000 0.000000 0.000000 1.000000 0.000000 -57.826370 69.394524 0.001232 1.000000 
11 1.225407 -0.657629 -0.001816 0.000000 0.657621 1.225405 -0.004600 0.000000 0.003775 0.003194 1.390711 0.000000 -69.890770 65.589340 1.472308 1.000000 
21 1.000000 0.000000 0.000000 0.000000 0.000000 1.000000 0.000000 0.000000 0.000000 0.000000 1.000000 0.000000 -13.697318 50.105808 0.001319 1.000000 
23 1.000000 0.000000 0.000000 0.000000 0.000000 1.000000 0.000000 0.000000 0.000000 0.000000 1.000000 0.000000 -10.226986 20.530264 0.001319 1.000000 
24 1.000000 0.000000 0.000000 0.000000 0.000000 1.000000 0.000000 0.000000 0.000000 0.000000 1.000000 0.000000 -10.226984 20.530266 0.001319 1.000000 
25 1.000000 0.000000 0.000000 0.000000 0.000000 1.000000 0.000000 0.000000 0.000000 0.000000 1.000000 0.000000 -10.226984 20.530266 0.001319 1.000000 
26 1.000000 0.000000 0.000000 0.000000 0.000000 1.000000 0.000000 0.000000 0.000000 0.000000 1.000000 0.000000 -10.226984 20.530266 0.001319 1.000000 
14 1.000000 0.000000 0.000000 0.000000 0.000000 1.000000 0.000000 0.000000 0.000000 0.000000 1.000000 0.000000 7.631057 25.368643 0.001322 1.000000 
15 1.000000 0.000000 0.000000 0.000000 0.000000 1.000000 0.000000 0.000000 0.000000 0.000000 1.000000 0.000000 12.186775 18.430744 0.001319 1.000000 
16 1.000000 0.000000 0.000000 0.000000 0.000000 1.000000 0.000000 0.000000 0.000000 0.000000 1.000000 0.000000 10.168854 23.273754 -2.989258 1.000000 
17 1.000000 0.000000 0.000000 0.000000 0.000000 1.000000 0.000000 0.000000 0.000000 0.000000 1.000000 0.000000 10.047662 23.370075 2.994847 1.000000 
18 1.000000 0.000000 0.000000 0.000000 0.000000 1.000000 0.000000 0.000000 0.000000 0.000000 1.000000 0.000000 2.779929 19.580214 0.000931 1.000000 
19 1.000000 0.000000 0.000000 0.000000 0.000000 1.000000 0.000000 0.000000 0.000000 0.000000 1.000000 0.000000 2.779929 19.580214 0.000931 1.000000 
20 1.000000 0.000000 0.000000 0.000000 0.000000 1.000000 0.000000 0.000000 0.000000 0.000000 1.000000 0.000000 2.779932 19.580214 0.000932 1.000000 
22 1.000000 0.000000 0.000000 0.000000 0.000000 1.000000 0.000000 0.000000 0.000000 0.000000 1.000000 0.000000 -13.697319 49.606468 0.001319 1.000000 
[KEY]
1 1.000000 0.000000 0.000000 0.000000 0.000000 1.000000 0.000000 0.000000 0.000000 0.000000 1.000000 0.000000 -10.226984 0.232216 0.001319 1.000000 
2 1.000000 0.000000 0.000000 0.000000 0.000000 1.000000 0.000000 0.000000 0.000000 0.000000 1.000000 0.000000 -10.226984 0.556597 0.001319 1.000000 
3 1.000000 0.000000 0.000000 0.000000 0.000000 1.000000 0.000000 0.000000 0.000000 0.000000 1.000000 0.000000 11.098431 19.278442 2.718880 1.000000 
6 1.000000 0.000000 0.000000 0.000000 0.000000 1.000000 0.000000 0.000000 0.000000 0.000000 1.000000 0.000000 11.098417 19.278494 -2.730513 1.000000 
9 0.990945 0.134272 0.000000 0.000000 -0.134272 0.990945 0.000000 0.000000 0.000000 0.000000 1.000000 0.000000 -15.326487 19.958233 0.000921 1.000000 
12 1.000000 0.000000 0.000000 0.000000 0.000000 1.000000 0.000000 0.000000 0.000000 0.000000 1.000000 0.000000 -15.326487 19.958233 0.000921 1.000000 
27 1.000000 0.000000 0.000000 0.000000 0.000000 1.000000 0.000000 0.000000 0.000000 0.000000 1.000000 0.000000 -3.151001 16.196474 -8.168830 1.000000 
32 1.000000 0.000000 0.000000 0.000000 0.000000 1.000000 0.000000 0.000000 0.000000 0.000000 1.000000 0.000000 1.292232 19.958218 -5.426734 1.000000 
37 1.000000 0.000000 0.000000 0.000000 0.000000 1.000000 0.000000 0.000000 0.000000 0.000000 1.000000 0.000000 -8.678464 16.794888 -8.986213 1.000000 
42 1.000000 0.000000 0.000000 0.000000 0.000000 1.000000 0.000000 0.000000 0.000000 0.000000 1.000000 0.000000 -12.529337 17.495066 -7.037132 1.000000 
47 1.000000 0.000000 0.000000 0.000000 0.000000 1.000000 0.000000 0.000000 0.000000 0.000000 1.000000 0.000000 -3.150999 16.196445 8.171465 1.000000 
52 1.000000 0.000000 0.000000 0.000000 0.000000 1.000000 0.000000 0.000000 0.000000 0.000000 1.000000 0.000000 1.292188 19.958231 5.429370 1.000000 
57 1.000000 0.000000 0.000000 0.000000 0.000000 1.000000 0.000000 0.000000 0.000000 0.000000 1.000000 0.000000 -8.678467 16.794935 8.988850 1.000000 
62 1.000000 0.000000 0.000000 0.000000 0.000000 1.000000 0.000000 0.000000 0.000000 0.000000 1.000000 0.000000 -12.529338 17.495041 7.039771 1.000000 
13 1.000000 0.000000 0.000000 0.000000 0.000000 1.000000 0.000000 0.000000 0.000000 0.000000 1.000000 0.000000 2.779930 19.580214 0.000931 1.000000 
28 0.999976 -0.006831 0.001309 0.000000 0.006841 0.999944 -0.008052 0.000000 -0.001254 0.008061 0.999967 0.000000 -1.454664 18.084385 -11.738103 1.000000 
33 0.999918 -0.012287 0.003598 0.000000 0.012298 0.999920 -0.003042 0.000000 -0.003561 0.003086 0.999989 0.000000 3.883216 21.263897 -7.296888 1.000000 
38 0.999991 0.004205 -0.000826 0.000000 -0.004217 0.999870 -0.015562 0.000000 0.000761 0.015565 0.999879 0.000000 -8.849779 18.228994 -14.632987 1.000000 
43 0.999990 0.004455 -0.000677 0.000000 -0.004456 0.999987 -0.002501 0.000000 0.000666 0.002504 0.999997 0.000000 -14.630817 17.384815 -12.770145 1.000000 
48 0.999975 -0.007017 -0.000638 0.000000 0.007021 0.999943 0.007993 0.000000 0.000582 -0.007998 0.999968 0.000000 -1.454666 18.084412 11.740780 1.000000 
53 0.999990 -0.004413 -0.000762 0.000000 0.004414 0.999990 0.000995 0.000000 0.000757 -0.000998 0.999999 0.000000 3.883228 21.263931 7.299524 1.000000 
58 0.999991 0.004205 0.000826 0.000000 -0.004217 0.999871 0.015501 0.000000 -0.000761 -0.015504 0.999880 0.000000 -8.849784 18.228966 14.635589 1.000000 
63 0.999991 0.004089 0.000615 0.000000 -0.004090 0.999989 0.002196 0.000000 -0.000606 -0.002199 0.999997 0.000000 -14.630815 17.384796 12.772816 1.000000 
4 0.999994 -0.003478 0.000280 0.000000 0.003478 0.999994 -0.000266 0.000000 -0.000279 0.000267 1.000000 0.000000 14.456429 13.194545 6.270426 1.000000 
7 0.999988 -0.004877 0.000028 0.000000 0.004877 0.999988 0.000305 0.000000 -0.000029 -0.000305 1.000000 0.000000 14.456430 13.194592 -6.270925 1.000000 
29 0.999976 -0.006831 0.001309 0.000000 0.006838 0.999961 -0.005611 0.000000 -0.001271 0.005620 0.999983 0.000000 9.796107 53.050667 -31.758354 1.000000 
34 0.999997 -0.000237 0.002279 0.000000 0.000235 1.000000 0.000973 0.000000 -0.002279 -0.000972 0.999997 0.000000 34.740837 48.124290 -19.009912 1.000000 
39 0.999994 0.003580 -0.000239 0.000000 -0.003583 0.999919 -0.012200 0.000000 0.000195 0.012201 0.999926 0.000000 -10.704683 45.598637 -32.711113 1.000000 
44 0.999992 0.003966 -0.000676 0.000000 -0.003967 0.999991 -0.001525 0.000000 0.000670 0.001527 0.999999 0.000000 -21.078501 65.887451 -28.938335 1.000000 
49 0.999982 -0.006040 -0.000631 0.000000 0.006044 0.999962 0.006224 0.000000 0.000594 -0.006228 0.999980 0.000000 9.789214 53.049797 31.766376 1.000000 
54 0.999999 -0.000996 -0.000548 0.000000 0.000996 1.000000 -0.000040 0.000000 0.000548 0.000040 1.000000 0.000000 34.495167 48.390610 19.043240 1.000000 
59 0.999993 0.003720 0.000575 0.000000 -0.003727 0.999923 0.011839 0.000000 -0.000531 -0.011841 0.999930 0.000000 -10.704673 45.599785 32.711998 1.000000 
64 0.999993 0.003600 0.000614 0.000000 -0.003601 0.999992 0.001464 0.000000 -0.000609 -0.001466 0.999999 0.000000 -21.060087 65.894722 28.926615 1.000000 
5 0.999996 -0.002968 0.000388 0.000000 0.002968 0.999996 -0.000267 0.000000 -0.000387 0.000268 1.000000 0.000000 15.104800 8.905775 6.453603 1.000000 
8 0.999990 -0.004521 -0.000008 0.000000 0.004521 0.999990 0.000305 0.000000 0.000007 -0.000305 1.000000 0.000000 15.121565 8.886962 -6.453615 1.000000 
30 0.999979 -0.006344 0.001063 0.000000 0.006349 0.999969 -0.004635 0.000000 -0.001033 0.004642 0.999989 0.000000 24.194187 51.151962 -53.248348 1.000000 
35 0.999989 0.004657 0.000645 0.000000 -0.004659 0.999985 0.002764 0.000000 -0.000632 -0.002767 0.999996 0.000000 71.368492 37.772411 -28.991121 1.000000 
40 0.999995 0.003298 0.000092 0.000000 -0.003296 0.999941 -0.010343 0.000000 -0.000126 0.010342 0.999947 0.000000 -15.336026 41.861179 -53.179699 1.000000 
45 0.999993 0.003783 -0.000676 0.000000 -0.003784 0.999992 -0.001220 0.000000 0.000671 0.001222 0.999999 0.000000 -40.435852 57.779877 -44.201763 1.000000 
50 0.999985 -0.005445 -0.000227 0.000000 0.005446 0.999972 0.005151 0.000000 0.000199 -0.005152 0.999987 0.000000 24.174114 51.149429 53.265041 1.000000 
55 1.000000 0.000589 0.000021 0.000000 -0.000589 1.000000 -0.000579 0.000000 -0.000022 0.000579 1.000000 0.000000 71.097626 38.001484 29.078266 1.000000 
60 0.999994 0.003418 0.000328 0.000000 -0.003421 0.999946 0.009764 0.000000 -0.000294 -0.009765 0.999952 0.000000 -15.342450 41.869095 53.180363 1.000000 
65 0.999994 0.003417 0.000614 0.000000 -0.003418 0.999994 0.001159 0.000000 -0.000610 -0.001161 0.999999 0.000000 -40.419506 57.795113 44.191776 1.000000 
31 0.999982 -0.005917 0.001061 0.000000 0.005921 0.999974 -0.004147 0.000000 -0.001036 0.004153 0.999991 0.000000 40.070110 35.057415 -67.389915 1.000000 
36 0.999995 0.003246 -0.000335 0.000000 -0.003244 0.999989 0.003300 0.000000 0.000345 -0.003298 0.999995 0.000000 97.439774 18.946777 -32.010098 1.000000 
41 0.999995 0.003135 0.000094 0.000000 -0.003134 0.999951 -0.009381 0.000000 -0.000123 0.009381 0.999956 0.000000 -20.506737 26.378529 -66.339066 1.000000 
46 0.999993 0.003783 -0.000676 0.000000 -0.003784 0.999992 -0.001220 0.000000 0.000671 0.001222 0.999999 0.000000 -60.740047 32.619499 -50.606342 1.000000 
51 0.999987 -0.005017 -0.000225 0.000000 0.005018 0.999977 0.004602 0.000000 0.000202 -0.004603 0.999989 0.000000 40.052647 35.061878 67.411644 1.000000 
56 1.000000 -0.000059 0.000480 0.000000 0.000060 1.000000 -0.000833 0.000000 -0.000480 0.000833 1.000000 0.000000 97.090416 19.063274 32.073185 1.000000 
61 0.999995 0.003235 0.000326 0.000000 -0.003237 0.999957 0.008666 0.000000 -0.000298 -0.008667 0.999962 0.000000 -20.516884 26.393433 66.346565 1.000000 
66 0.999994 0.003466 0.000496 0.000000 -0.003466 0.999993 0.001020 0.000000 -0.000492 -0.001022 0.999999 0.000000 -60.732498 32.642464 50.598988 1.000000 
67 1.000000 0.000000 0.000000 0.000000 0.000000 1.000000 0.000000 0.000000 0.000000 0.000000 1.000000 0.000000 0.000000 83.070496 0.000000 1.000000 
68 1.000000 0.000000 0.000000 0.000000 0.000000 1.000000 0.000000 0.000000 0.000000 0.000000 1.000000 0.000000 -10.226984 0.232216 0.001319 1.000000 
69 1.000000 0.000000 0.000000 0.000000 0.000000 1.000000 0.000000 0.000000 0.000000 0.000000 1.000000 0.000000 -10.226978 70.730209 0.001320 1.000000 
70 1.000000 0.000000 0.000000 0.000000 0.000000 1.000000 0.000000 0.000000 0.000000 0.000000 1.000000 0.000000 -10.226987 0.232216 0.001319 1.000000 
71 1.000000 0.000000 0.000000 0.000000 0.000000 1.000000 0.000000 0.000000 0.000000 0.000000 1.000000 0.000000 -10.226987 0.232216 0.001319 1.000000 
72 1.000000 0.000000 0.000000 0.000000 0.000000 1.000000 0.000000 0.000000 0.000000 0.000000 1.000000 0.000000 115.125870 0.000000 -32.474308 1.000000 
73 1.000000 0.000000 0.000000 0.000000 0.000000 1.000000 0.000000 0.000000 0.000000 0.000000 1.000000 0.000000 62.749397 0.000000 -78.997215 1.000000 
74 1.000000 0.000000 0.000000 0.000000 0.000000 1.000000 0.000000 0.000000 0.000000 0.000000 1.000000 0.000000 1.802011 0.000000 -75.468254 1.000000 
75 1.000000 0.000000 0.000000 0.000000 0.000000 1.000000 0.000000 0.000000 0.000000 0.000000 1.000000 0.000000 -89.168083 0.000000 -51.799946 1.000000 
76 1.000000 0.000000 0.000000 0.000000 0.000000 1.000000 0.000000 0.000000 0.000000 0.000000 1.000000 0.000000 119.592667 0.000000 32.457558 1.000000 
77 1.000000 0.000000 0.000000 0.000000 0.000000 1.000000 0.000000 0.000000 0.000000 0.000000 1.000000 0.000000 55.606968 0.000000 78.943047 1.000000 
78 1.000000 0.000000 0.000000 0.000000 0.000000 1.000000 0.000000 0.000000 0.000000 0.000000 1.000000 0.000000 5.046760 0.000000 75.453720 1.000000 
79 1.000000 0.000000 0.000000 0.000000 0.000000 1.000000 0.000000 0.000000 0.000000 0.000000 1.000000 0.000000 -89.121231 0.000000 51.801723 1.000000 
80 1.000000 0.000000 0.000000 0.000000 0.000000 1.000000 0.000000 0.000000 0.000000 0.000000 1.000000 0.000000 132.160492 0.000000 -32.441174 1.000000 
81 1.000000 0.000000 0.000000 0.000000 0.000000 1.000000 0.000000 0.000000 0.000000 0.000000 1.000000 0.000000 68.761414 0.000000 -79.050568 1.000000 
82 1.000000 0.000000 0.000000 0.000000 0.000000 1.000000 0.000000 0.000000 0.000000 0.000000 1.000000 0.000000 13.905589 0.000000 -75.478256 1.000000 
83 1.000000 0.000000 0.000000 0.000000 0.000000 1.000000 0.000000 0.000000 0.000000 0.000000 1.000000 0.000000 -58.008385 0.000000 -51.798386 1.000000 
84 1.000000 0.000000 0.000000 0.000000 0.000000 1.000000 0.000000 0.000000 0.000000 0.000000 1.000000 0.000000 139.501648 0.000000 32.435669 1.000000 
85 1.000000 0.000000 0.000000 0.000000 0.000000 1.000000 0.000000 0.000000 0.000000 0.000000 1.000000 0.000000 59.696896 0.000000 78.963730 1.000000 
86 1.000000 0.000000 0.000000 0.000000 0.000000 1.000000 0.000000 0.000000 0.000000 0.000000 1.000000 0.000000 16.943512 0.000000 75.447723 1.000000 
87 1.000000 0.000000 0.000000 0.000000 0.000000 1.000000 0.000000 0.000000 0.000000 0.000000 1.000000 0.000000 -58.530979 0.000000 51.800949 1.000000 
10 0.990945 0.134272 0.000000 0.000000 -0.134272 0.990945 0.000000 0.000000 0.000000 0.000000 1.000000 0.000000 -57.968021 69.272392 0.001232 1.000000 
11 1.227288 -0.654110 -0.001816 0.000000 0.654103 1.227286 -0.004600 0.000000 0.003766 0.003205 1.390711 0.000000 -70.021454 65.432610 1.472308 1.000000 
21 1.000000 0.000000 0.000000 0.000000 0.000000 1.000000 0.000000 0.000000 0.000000 0.000000 1.000000 0.000000 -13.697318 50.105808 0.001319 1.000000 
23 1.000000 0.000000 0.000000 0.000000 0.000000 1.000000 0.000000 0.000000 0.000000 0.000000 1.000000 0.000000 -10.226986 20.530264 0.001319 1.000000 
24 1.000000 0.000000 0.000000 0.000000 0.000000 1.000000 0.000000 0.000000 0.000000 0.000000 1.000000 0.000000 -10.226984 20.530266 0.001319 1.000000 
25 1.000000 0.000000 0.000000 0.000000 0.000000 1.000000 0.000000 0.000000 0.000000 0.000000 1.000000 0.000000 -10.226984 20.530266 0.001319 1.000000 
26 1.000000 0.000000 0.000000 0.000000 0.000000 1.000000 0.000000 0.000000 0.000000 0.000000 1.000000 0.000000 -10.226984 20.530266 0.001319 1.000000 
14 1.000000 0.000000 0.000000 0.000000 0.000000 1.000000 0.000000 0.000000 0.000000 0.000000 1.000000 0.000000 7.631057 25.368643 0.001322 1.000000 
15 1.000000 0.000000 0.000000 0.000000 0.000000 1.000000 0.000000 0.000000 0.000000 0.000000 1.000000 0.000000 12.186775 18.430744 0.001319 1.000000 
16 1.000000 0.000000 0.000000 0.000000 0.000000 1.000000 0.000000 0.000000 0.000000 0.000000 1.000000 0.000000 10.168854 23.273754 -2.989258 1.000000 
17 1.000000 0.000000 0.000000 0.000000 0.000000 1.000000 0.000000 0.000000 0.000000 0.000000 1.000000 0.000000 10.047662 23.370075 2.994847 1.000000 
18 1.000000 0.000000 0.000000 0.000000 0.000000 1.000000 0.000000 0.000000 0.000000 0.000000 1.000000 0.000000 2.779929 19.580214 0.000931 1.000000 
19 1.000000 0.000000 0.000000 0.000000 0.000000 1.000000 0.000000 0.000000 0.000000 0.000000 1.000000 0.000000 2.779929 19.580214 0.000931 1.000000 
20 1.000000 0.000000 0.000000 0.000000 0.000000 1.000000 0.000000 0.000000 0.000000 0.000000 1.000000 0.000000 2.779932 19.580214 0.000932 1.000000 
22 1.000000 0.000000 0.000000 0.000000 0.000000 1.000000 0.000000 0.000000 0.000000 0.000000 1.000000 0.000000 -13.697319 49.606468 0.001319 1.000000 
[KEY]
1 1.000000 0.000000 0.000000 0.000000 0.000000 1.000000 0.000000 0.000000 0.000000 0.000000 1.000000 0.000000 -10.226984 0.232216 0.001319 1.000000 
2 1.000000 0.000000 0.000000 0.000000 0.000000 1.000000 0.000000 0.000000 0.000000 0.000000 1.000000 0.000000 -10.226984 0.556597 0.001319 1.000000 
3 1.000000 0.000000 0.000000 0.000000 0.000000 1.000000 0.000000 0.000000 0.000000 0.000000 1.000000 0.000000 11.098431 19.278442 2.718880 1.000000 
6 1.000000 0.000000 0.000000 0.000000 0.000000 1.000000 0.000000 0.000000 0.000000 0.000000 1.000000 0.000000 11.098417 19.278494 -2.730513 1.000000 
9 0.990555 0.137115 0.000000 0.000000 -0.137115 0.990555 0.000000 0.000000 0.000000 0.000000 1.000000 0.000000 -15.326487 19.958233 0.000921 1.000000 
12 1.000000 0.000000 0.000000 0.000000 0.000000 1.000000 0.000000 0.000000 0.000000 0.000000 1.000000 0.000000 -15.326487 19.958233 0.000921 1.000000 
27 1.000000 0.000000 0.000000 0.000000 0.000000 1.000000 0.000000 0.000000 0.000000 0.000000 1.000000 0.000000 -3.151001 16.196474 -8.168830 1.000000 
32 1.000000 0.000000 0.000000 0.000000 0.000000 1.000000 0.000000 0.000000 0.000000 0.000000 1.000000 0.000000 1.292232 19.958218 -5.426734 1.000000 
37 1.000000 0.000000 0.000000 0.000000 0.000000 1.000000 0.000000 0.000000 0.000000 0.000000 1.000000 0.000000 -8.678464 16.794888 -8.986213 1.000000 
42 1.000000 0.000000 0.000000 0.000000 0.000000 1.000000 0.000000 0.000000 0.000000 0.000000 1.000000 0.000000 -12.529337 17.495066 -7.037132 1.000000 
47 1.000000 0.000000 0.000000 0.000000 0.000000 1.000000 0.000000 0.000000 0.000000 0.000000 1.000000 0.000000 -3.150999 16.196445 8.171465 1.000000 
52 1.000000 0.000000 0.000000 0.000000 0.000000 1.000000 0.000000 0.000000 0.000000 0.000000 1.000000 0.000000 1.292188 19.958231 5.429370 1.000000 
57 1.000000 0.000000 0.000000 0.000000 0.000000 1.000000 0.000000 0.000000 0.000000 0.000000 1.000000 0.000000 -8.678467 16.794935 8.988850 1.000000 
62 1.000000 0.000000 0.000000 0.000000 0.000000 1.000000 0.000000 0.000000 0.000000 0.000000 1.000000 0.000000 -12.529338 17.495041 7.039771 1.000000 
13 1.000000 0.000000 0.000000 0.000000 0.000000 1.000000 0.000000 0.000000 0.000000 0.000000 1.000000 0.000000 2.779930 19.580214 0.000931 1.000000 
28 0.999976 -0.006831 0.001309 0.000000 0.006841 0.999944 -0.008052 0.000000 -0.001254 0.008061 0.999967 0.000000 -1.454664 18.084385 -11.738103 1.000000 
33 0.999661 -0.024797 0.007953 0.000000 0.024846 0.999673 -0.006115 0.000000 -0.007798 0.006311 0.999950 0.000000 3.883216 21.263897 -7.296888 1.000000 
38 0.999991 0.004205 -0.000826 0.000000 -0.004217 0.999870 -0.015562 0.000000 0.000761 0.015565 0.999879 0.000000 -8.849779 18.228994 -14.632987 1.000000 
43 0.999990 0.004455 -0.000677 0.000000 -0.004456 0.999987 -0.002501 0.000000 0.000666 0.002504 0.999997 0.000000 -14.630817 17.384815 -12.770145 1.000000 
48 0.999975 -0.007017 -0.000638 0.000000 0.007021 0.999943 0.007993 0.000000 0.000582 -0.007998 0.999968 0.000000 -1.454666 18.084412 11.740780 1.000000 
53 0.999957 -0.008996 -0.002217 0.000000 0.009001 0.999957 0.002123 0.000000 0.002198 -0.002142 0.999995 0.000000 3.883228 21.263931 7.299524 1.000000 
58 0.999991 0.004205 0.000826 0.000000 -0.004217 0.999871 0.015501 0.000000 -0.000761 -0.015504 0.999880 0.000000 -8.849784 18.228966 14.635589 1.000000 
63 0.999991 0.004089 0.000615 0.000000 -0.004090 0.999989 0.002196 0.000000 -0.000606 -0.002199 0.999997 0.000000 -14.630815 17.384796 12.772816 1.000000 
4 0.999976 -0.006955 0.000562 0.000000 0.006956 0.999976 -0.000532 0.000000 -0.000558 0.000536 1.000000 0.000000 14.456429 13.194545 6.270426 1.000000 
7 0.999952 -0.009753 0.000054 0.000000 0.009753 0.999952 0.000610 0.000000 -0.000060 -0.000609 1.000000 0.000000 14.456430 13.194592 -6.270925 1.000000 
29 0.999976 -0.006831 0.001309 0.000000 0.006838 0.999961 -0.005611 0.000000 -0.001271 0.005620 0.999983 0.000000 9.796107 53.050667 -31.758354 1.000000 
34 0.999987 0.001229 0.005028 0.000000 -0.001242 0.999996 0.002529 0.000000 -0.005025 -0.002535 0.999984 0.000000 35.124973 47.698353 -18.960535 1.000000 
39 0.999993 0.003618 -0.000271 0.000000 -0.003621 0.999917 -0.012378 0.000000 0.000226 0.012379 0.999923 0.000000 -10.704683 45.598637 -32.711113 1.000000 
44 0.999992 0.003966 -0.000676 0.000000 -0.003967 0.999991 -0.001525 0.000000 0.000670 0.001527 0.999999 0.000000 -21.078501 65.887451 -28.938335 1.000000 
49 0.999982 -0.006040 -0.000631 0.000000 0.006044 0.999962 0.006224 0.000000 0.000594 -0.006228 0.999980 0.000000 9.789214 53.049797 31.766376 1.000000 
54 0.999998 -0.001172 -0.001546 0.000000 0.001172 0.999999 -0.000231 0.000000 0.001546 0.000229 0.999999 0.000000 34.636169 48.236595 19.029577 1.000000 
59 0.999993 0.003720 0.000575 0.000000 -0.003727 0.999923 0.011839 0.000000 -0.000531 -0.011841 0.999930 0.000000 -10.704673 45.599785 32.711998 1.000000 
64 0.999993 0.003600 0.000614 0.000000 -0.003601 0.999992 0.001464 0.000000 -0.000609 -0.001466 0.999999 0.000000 -21.060087 65.894722 28.926615 1.000000 
5 0.999982 -0.005935 0.000776 0.000000 0.005936 0.999982 -0.000533 0.000000 -0.000773 0.000537 1.000000 0.000000 15.089830 8.903595 6.454927 1.000000 
8 0.999959 -0.009041 -0.000017 0.000000 0.009041 0.999959 0.000610 0.000000 0.000011 -0.000610 1.000000 0.000000 15.100555 8.883825 -6.454910 1.000000 
30 0.999979 -0.006344 0.001063 0.000000 0.006349 0.999969 -0.004635 0.000000 -0.001033 0.004642 0.999989 0.000000 24.194187 51.151962 -53.248348 1.000000 
35 0.999940 0.010781 0.001782 0.000000 -0.010792 0.999923 0.006093 0.000000 -0.001716 -0.006112 0.999980 0.000000 71.795120 37.415882 -28.857100 1.000000 
40 0.999994 0.003354 0.000022 0.000000 -0.003354 0.999938 -0.010616 0.000000 -0.000057 0.010616 0.999944 0.000000 -15.336533 41.857361 -53.178886 1.000000 
45 0.999993 0.003783 -0.000676 0.000000 -0.003784 0.999992 -0.001220 0.000000 0.000671 0.001222 0.999999 0.000000 -40.435852 57.779877 -44.201763 1.000000 
50 0.999985 -0.005396 -0.000192 0.000000 0.005397 0.999973 0.005054 0.000000 0.000165 -0.005055 0.999987 0.000000 24.174114 51.149429 53.265041 1.000000 
55 0.999997 0.002573 -0.000143 0.000000 -0.002573 0.999995 -0.001543 0.000000 0.000139 0.001543 0.999999 0.000000 71.246803 37.842937 29.030035 1.000000 
60 0.999994 0.003418 0.000328 0.000000 -0.003421 0.999946 0.009764 0.000000 -0.000294 -0.009765 0.999952 0.000000 -15.342450 41.869095 53.180363 1.000000 
65 0.999994 0.003417 0.000614 0.000000 -0.003418 0.999994 0.001159 0.000000 -0.000610 -0.001161 0.999999 0.000000 -40.419506 57.795113 44.191776 1.000000 
31 0.999982 -0.005917 0.001061 0.000000 0.005921 0.999974 -0.004147 0.000000 -0.001036 0.004153 0.999991 0.000000 40.070110 35.057415 -67.389915 1.000000 
36 0.999968 0.007964 -0.000187 0.000000 -0.007963 0.999943 0.007166 0.000000 0.000244 -0.007164 0.999974 0.000000 97.984612 18.760498 -31.909588 1.000000 
41 0.999995 0.003213 0.000023 0.000000 -0.003212 0.999947 -0.009731 0.000000 -0.000054 0.009731 0.999953 0.000000 -20.507284 26.370815 -66.333656 1.000000 
46 0.999993 0.003783 -0.000676 0.000000 -0.003784 0.999992 -0.001220 0.000000 0.000671 0.001222 0.999999 0.000000 -60.740047 32.619499 -50.606342 1.000000 
51 0.999988 -0.004969 -0.000190 0.000000 0.004970 0.999978 0.004505 0.000000 0.000168 -0.004505 0.999990 0.000000 40.052937 35.064022 67.413750 1.000000 
56 0.999999 0.001277 0.000775 0.000000 -0.001276 0.999997 -0.002051 0.000000 -0.000777 0.002050 0.999998 0.000000 97.277603 18.959225 32.038933 1.000000 
61 0.999995 0.003235 0.000326 0.000000 -0.003237 0.999957 0.008666 0.000000 -0.000298 -0.008667 0.999962 0.000000 -20.516884 26.393433 66.346565 1.000000 
66 0.999994 0.003515 0.000378 0.000000 -0.003515 0.999993 0.000882 0.000000 -0.000375 -0.000883 1.000000 0.000000 -60.732498 32.642464 50.598988 1.000000 
67 1.000000 0.000000 0.000000 0.000000 0.000000 1.000000 0.000000 0.000000 0.000000 0.000000 1.000000 0.000000 0.000000 83.070496 0.000000 1.000000 
68 1.000000 0.000000 0.000000 0.000000 0.000000 1.000000 0.000000 0.000000 0.000000 0.000000 1.000000 0.000000 -10.226984 0.232216 0.001319 1.000000 
69 1.000000 0.000000 0.000000 0.000000 0.000000 1.000000 0.000000 0.000000 0.000000 0.000000 1.000000 0.000000 -10.226978 70.730209 0.001320 1.000000 
70 1.000000 0.000000 0.000000 0.000000 0.000000 1.000000 0.000000 0.000000 0.000000 0.000000 1.000000 0.000000 -10.226987 0.232216 0.001319 1.000000 
71 1.000000 0.000000 0.000000 0.000000 0.000000 1.000000 0.000000 0.000000 0.000000 0.000000 1.000000 0.000000 -10.226987 0.232216 0.001319 1.000000 
72 1.000000 0.000000 0.000000 0.000000 0.000000 1.000000 0.000000 0.000000 0.000000 0.000000 1.000000 0.000000 115.125870 0.000000 -32.474308 1.000000 
73 1.000000 0.000000 0.000000 0.000000 0.000000 1.000000 0.000000 0.000000 0.000000 0.000000 1.000000 0.000000 62.749397 0.000000 -78.997215 1.000000 
74 1.000000 0.000000 0.000000 0.000000 0.000000 1.000000 0.000000 0.000000 0.000000 0.000000 1.000000 0.000000 1.802011 0.000000 -75.468254 1.000000 
75 1.000000 0.000000 0.000000 0.000000 0.000000 1.000000 0.000000 0.000000 0.000000 0.000000 1.000000 0.000000 -89.168083 0.000000 -51.799946 1.000000 
76 1.000000 0.000000 0.000000 0.000000 0.000000 1.000000 0.000000 0.000000 0.000000 0.000000 1.000000 0.000000 119.592667 0.000000 32.457558 1.000000 
77 1.000000 0.000000 0.000000 0.000000 0.000000 1.000000 0.000000 0.000000 0.000000 0.000000 1.000000 0.000000 55.606968 0.000000 78.943047 1.000000 
78 1.000000 0.000000 0.000000 0.000000 0.000000 1.000000 0.000000 0.000000 0.000000 0.000000 1.000000 0.000000 5.046760 0.000000 75.453720 1.000000 
79 1.000000 0.000000 0.000000 0.000000 0.000000 1.000000 0.000000 0.000000 0.000000 0.000000 1.000000 0.000000 -89.121231 0.000000 51.801723 1.000000 
80 1.000000 0.000000 0.000000 0.000000 0.000000 1.000000 0.000000 0.000000 0.000000 0.000000 1.000000 0.000000 132.160492 0.000000 -32.441174 1.000000 
81 1.000000 0.000000 0.000000 0.000000 0.000000 1.000000 0.000000 0.000000 0.000000 0.000000 1.000000 0.000000 68.761414 0.000000 -79.050568 1.000000 
82 1.000000 0.000000 0.000000 0.000000 0.000000 1.000000 0.000000 0.000000 0.000000 0.000000 1.000000 0.000000 13.905589 0.000000 -75.478256 1.000000 
83 1.000000 0.000000 0.000000 0.000000 0.000000 1.000000 0.000000 0.000000 0.000000 0.000000 1.000000 0.000000 -58.008385 0.000000 -51.798386 1.000000 
84 1.000000 0.000000 0.000000 0.000000 0.000000 1.000000 0.000000 0.000000 0.000000 0.000000 1.000000 0.000000 139.501648 0.000000 32.435669 1.000000 
85 1.000000 0.000000 0.000000 0.000000 0.000000 1.000000 0.000000 0.000000 0.000000 0.000000 1.000000 0.000000 59.696896 0.000000 78.963730 1.000000 
86 1.000000 0.000000 0.000000 0.000000 0.000000 1.000000 0.000000 0.000000 0.000000 0.000000 1.000000 0.000000 16.943512 0.000000 75.447723 1.000000 
87 1.000000 0.000000 0.000000 0.000000 0.000000 1.000000 0.000000 0.000000 0.000000 0.000000 1.000000 0.000000 -58.530979 0.000000 51.800949 1.000000 
10 0.990555 0.137115 0.000000 0.000000 -0.137115 0.990555 0.000000 0.000000 0.000000 0.000000 1.000000 0.000000 -58.109348 69.149841 0.001232 1.000000 
11 1.229160 -0.650586 -0.001816 0.000000 0.650578 1.229158 -0.004600 0.000000 0.003756 0.003216 1.390711 0.000000 -70.151711 65.275482 1.472308 1.000000 
21 1.000000 0.000000 0.000000 0.000000 0.000000 1.000000 0.000000 0.000000 0.000000 0.000000 1.000000 0.000000 -13.697318 50.105808 0.001319 1.000000 
23 1.000000 0.000000 0.000000 0.000000 0.000000 1.000000 0.000000 0.000000 0.000000 0.000000 1.000000 0.000000 -10.226986 20.530264 0.001319 1.000000 
24 1.000000 0.000000 0.000000 0.000000 0.000000 1.000000 0.000000 0.000000 0.000000 0.000000 1.000000 0.000000 -10.226984 20.530266 0.001319 1.000000 
25 1.000000 0.000000 0.000000 0.000000 0.000000 1.000000 0.000000 0.000000 0.000000 0.000000 1.000000 0.000000 -10.226984 20.530266 0.001319 1.000000 
26 1.000000 0.000000 0.000000 0.000000 0.000000 1.000000 0.000000 0.000000 0.000000 0.000000 1.000000 0.000000 -10.226984 20.530266 0.001319 1.000000 
14 1.000000 0.000000 0.000000 0.000000 0.000000 1.000000 0.000000 0.000000 0.000000 0.000000 1.000000 0.000000 7.631057 25.368643 0.001322 1.000000 
15 1.000000 0.000000 0.000000 0.000000 0.000000 1.000000 0.000000 0.000000 0.000000 0.000000 1.000000 0.000000 12.186775 18.430744 0.001319 1.000000 
16 1.000000 0.000000 0.000000 0.000000 0.000000 1.000000 0.000000 0.000000 0.000000 0.000000 1.000000 0.000000 10.168854 23.273754 -2.989258 1.000000 
17 1.000000 0.000000 0.000000 0.000000 0.000000 1.000000 0.000000 0.000000 0.000000 0.000000 1.000000 0.000000 10.047662 23.370075 2.994847 1.000000 
18 1.000000 0.000000 0.000000 0.000000 0.000000 1.000000 0.000000 0.000000 0.000000 0.000000 1.000000 0.000000 2.779929 19.580214 0.000931 1.000000 
19 1.000000 0.000000 0.000000 0.000000 0.000000 1.000000 0.000000 0.000000 0.000000 0.000000 1.000000 0.000000 2.779929 19.580214 0.000931 1.000000 
20 1.000000 0.000000 0.000000 0.000000 0.000000 1.000000 0.000000 0.000000 0.000000 0.000000 1.000000 0.000000 2.779932 19.580214 0.000932 1.000000 
