[KEY]0
87
1 1.000000 0.000000 0.000000 0.000000 0.000000 1.000000 0.000000 0.000000 0.000000 0.000000 1.000000 0.000000 -10.226984 0.232216 0.001319 1.000000 
2 1.000000 0.000000 0.000000 0.000000 0.000000 1.000000 0.000000 0.000000 0.000000 0.000000 1.000000 0.000000 -10.226984 0.232216 0.001319 1.000000 
3 1.000000 0.000000 0.000000 0.000000 0.000000 1.000000 0.000000 0.000000 0.000000 0.000000 1.000000 0.000000 11.098431 18.954062 2.718880 1.000000 
6 1.000000 0.000000 0.000000 0.000000 0.000000 1.000000 0.000000 0.000000 0.000000 0.000000 1.000000 0.000000 11.098417 18.954113 -2.730513 1.000000 
9 1.000000 0.000000 0.000000 0.000000 0.000000 1.000000 0.000000 0.000000 0.000000 0.000000 1.000000 0.000000 -15.326487 19.633852 0.000921 1.000000 
12 1.000000 0.000000 0.000000 0.000000 0.000000 1.000000 0.000000 0.000000 0.000000 0.000000 1.000000 0.000000 -15.326487 19.633852 0.000921 1.000000 
27 1.000000 0.000000 0.000000 0.000000 0.000000 1.000000 0.000000 0.000000 0.000000 0.000000 1.000000 0.000000 -3.151001 15.872094 -8.168830 1.000000 
32 1.000000 0.000000 0.000000 0.000000 0.000000 1.000000 0.000000 0.000000 0.000000 0.000000 1.000000 0.000000 1.292232 19.633837 -5.426734 1.000000 
37 1.000000 0.000000 0.000000 0.000000 0.000000 1.000000 0.000000 0.000000 0.000000 0.000000 1.000000 0.000000 -8.678464 16.470507 -8.986213 1.000000 
42 1.000000 0.000000 0.000000 0.000000 0.000000 1.000000 0.000000 0.000000 0.000000 0.000000 1.000000 0.000000 -12.529337 17.170685 -7.037132 1.000000 
47 1.000000 0.000000 0.000000 0.000000 0.000000 1.000000 0.000000 0.000000 0.000000 0.000000 1.000000 0.000000 -3.150999 15.872065 8.171465 1.000000 
52 1.000000 0.000000 0.000000 0.000000 0.000000 1.000000 0.000000 0.000000 0.000000 0.000000 1.000000 0.000000 1.292188 19.633850 5.429370 1.000000 
57 1.000000 0.000000 0.000000 0.000000 0.000000 1.000000 0.000000 0.000000 0.000000 0.000000 1.000000 0.000000 -8.678467 16.470554 8.988850 1.000000 
62 1.000000 0.000000 0.000000 0.000000 0.000000 1.000000 0.000000 0.000000 0.000000 0.000000 1.000000 0.000000 -12.529338 17.170660 7.039771 1.000000 
13 1.000000 0.000000 0.000000 0.000000 0.000000 1.000000 0.000000 0.000000 0.000000 0.000000 1.000000 0.000000 2.779930 19.255835 0.000931 1.000000 
28 0.999276 -0.014558 0.035159 0.000000 0.015464 0.999552 -0.025610 0.000000 -0.034770 0.026135 0.999054 0.000000 -1.454664 17.760006 -11.738103 1.000000 
33 0.803266 0.571342 -0.168319 0.000000 -0.519858 0.810442 0.270058 0.000000 0.290708 -0.129427 0.948018 0.000000 3.883216 20.939516 -7.296888 1.000000 
38 0.999565 -0.002491 -0.029392 0.000000 0.001902 0.999797 -0.020049 0.000000 0.029436 0.019984 0.999367 0.000000 -8.849779 17.904613 -14.632987 1.000000 
43 0.999996 -0.001649 0.002135 0.000000 0.001647 0.999998 0.001345 0.000000 -0.002137 -0.001341 0.999997 0.000000 -14.630817 17.060434 -12.770145 1.000000 
48 0.947611 -0.013985 0.319120 0.000000 0.105310 0.956864 -0.270778 0.000000 -0.301567 0.290199 0.908208 0.000000 -1.454666 17.760031 11.740780 1.000000 
53 0.985932 0.158432 0.053275 0.000000 -0.155936 0.986593 -0.048151 0.000000 -0.060189 0.039167 0.997418 0.000000 3.883228 20.939552 7.299524 1.000000 
58 0.877913 0.252086 -0.407088 0.000000 -0.257015 0.965425 0.043560 0.000000 0.403994 0.066386 0.912350 0.000000 -8.849784 17.904585 14.635589 1.000000 
63 0.936758 0.109888 0.332279 0.000000 -0.230688 0.907855 0.350117 0.000000 -0.263187 -0.404628 0.875790 0.000000 -14.630815 17.060415 12.772816 1.000000 
4 0.941396 0.333496 0.050533 0.000000 -0.334669 0.942189 0.016624 0.000000 -0.042068 -0.032562 0.998584 0.000000 14.456429 12.870164 6.270426 1.000000 
7 0.870353 -0.492144 0.016732 0.000000 0.492162 0.870497 0.003330 0.000000 -0.016204 0.005337 0.999854 0.000000 14.456430 12.870213 -6.270925 1.000000 
29 0.999295 -0.013829 0.034907 0.000000 0.013686 0.999897 0.004313 0.000000 -0.034963 -0.003832 0.999381 0.000000 10.753952 52.270607 -31.986542 1.000000 
34 0.978373 0.127073 -0.163213 0.000000 -0.113034 0.989263 0.092637 0.000000 0.173232 -0.072185 0.982232 0.000000 10.777966 61.978626 -16.191957 1.000000 
39 0.999612 -0.004661 -0.027469 0.000000 0.004413 0.999949 -0.009069 0.000000 0.027510 0.008945 0.999582 0.000000 -11.040866 45.205791 -32.776894 1.000000 
44 0.999998 -0.000184 0.001831 0.000000 0.000183 1.000000 0.000487 0.000000 -0.001831 -0.000487 0.999998 0.000000 -20.737122 65.663284 -28.769053 1.000000 
49 0.940868 -0.111710 0.319826 0.000000 0.162095 0.977434 -0.135452 0.000000 -0.297478 0.179285 0.937744 0.000000 6.705954 57.022308 23.653196 1.000000 
54 0.998898 0.031755 0.034551 0.000000 -0.031328 0.999427 -0.012834 0.000000 -0.034939 0.011737 0.999321 0.000000 28.977873 53.136368 19.319756 1.000000 
59 0.877705 0.254323 -0.406144 0.000000 -0.255440 0.965399 0.052497 0.000000 0.405442 0.057668 0.912300 0.000000 -10.340862 45.340698 32.646568 1.000000 
64 0.970632 -0.109590 0.214156 0.000000 0.085729 0.989339 0.117720 0.000000 -0.224773 -0.095904 0.969680 0.000000 -35.887878 53.977665 41.768536 1.000000 
5 0.984897 0.172674 0.012686 0.000000 -0.172877 0.984794 0.017155 0.000000 -0.009530 -0.019089 0.999772 0.000000 16.507811 9.046733 6.414278 1.000000 
8 0.975831 -0.218199 -0.011930 0.000000 0.217982 0.975800 -0.017252 0.000000 0.015405 0.014234 0.999780 0.000000 12.938087 8.784609 -6.455148 1.000000 
30 0.999482 -0.007688 0.031251 0.000000 0.007163 0.999832 0.016860 0.000000 -0.031375 -0.016628 0.999369 0.000000 25.855745 50.474754 -52.997025 1.000000 
35 0.959329 -0.279549 -0.039235 0.000000 0.277610 0.959472 -0.048433 0.000000 0.051184 0.035571 0.998056 0.000000 46.021988 57.114391 -33.001743 1.000000 
40 0.999636 -0.005814 -0.026364 0.000000 0.005740 0.999979 -0.002877 0.000000 0.026380 0.002725 0.999648 0.000000 -16.258518 41.573273 -53.122952 1.000000 
45 0.999998 0.001159 0.001343 0.000000 -0.001158 0.999999 -0.000369 0.000000 -0.001344 0.000368 0.999999 0.000000 -40.089592 57.666866 -44.097172 1.000000 
50 0.930981 -0.217650 0.293093 0.000000 0.224018 0.974510 0.012098 0.000000 -0.288255 0.054395 0.956007 0.000000 13.564467 57.631954 48.659565 1.000000 
55 0.996932 -0.078264 0.000866 0.000000 0.078239 0.996801 0.016317 0.000000 -0.002140 -0.016199 0.999866 0.000000 65.517876 44.069714 30.765272 1.000000 
60 0.877595 0.256685 -0.404894 0.000000 -0.253712 0.965288 0.062038 0.000000 0.406764 0.048283 0.912256 0.000000 -5.209633 41.992973 53.063332 1.000000 
65 0.965124 -0.201171 0.167528 0.000000 0.201337 0.979389 0.016173 0.000000 -0.167329 0.018120 0.985735 0.000000 -58.820831 46.713055 51.500999 1.000000 
31 0.999563 -0.002341 0.029467 0.000000 0.001653 0.999726 0.023348 0.000000 -0.029513 -0.023289 0.999293 0.000000 42.142597 34.663651 -66.990257 1.000000 
36 0.889130 -0.453574 0.060973 0.000000 0.457630 0.882534 -0.108210 0.000000 -0.004729 0.124116 0.992256 0.000000 65.531830 31.558231 -36.080620 1.000000 
41 0.999644 -0.006546 -0.025875 0.000000 0.006559 0.999978 0.000398 0.000000 0.025872 -0.000568 0.999665 0.000000 -21.918898 26.239077 -66.254601 1.000000 
46 0.999998 0.001952 0.000976 0.000000 -0.001951 0.999998 -0.000859 0.000000 -0.000978 0.000857 0.999999 0.000000 -60.446766 32.565350 -50.564243 1.000000 
51 0.919860 -0.289344 0.264834 0.000000 0.266969 0.956487 0.117731 0.000000 -0.287375 -0.037594 0.957080 0.000000 20.754721 39.410091 66.751755 1.000000 
56 0.991216 -0.130048 -0.024057 0.000000 0.130758 0.990936 0.030782 0.000000 0.019836 -0.033657 0.999237 0.000000 89.930435 23.093348 33.461472 1.000000 
61 0.877541 0.258256 -0.404011 0.000000 -0.252545 0.965163 0.068414 0.000000 0.407605 0.041995 0.912192 0.000000 -0.486873 26.498861 66.376770 1.000000 
66 0.971680 -0.190922 0.139238 0.000000 0.195067 0.980649 -0.016630 0.000000 -0.133369 0.043320 0.990119 0.000000 -84.632149 26.373983 54.035515 1.000000 
67 1.000000 0.000000 0.000000 0.000000 0.000000 1.000000 0.000000 0.000000 0.000000 0.000000 1.000000 0.000000 0.000000 83.070496 0.000000 1.000000 
68 1.000000 0.000000 0.000000 0.000000 0.000000 1.000000 0.000000 0.000000 0.000000 0.000000 1.000000 0.000000 -10.226984 0.232216 0.001319 1.000000 
69 1.000000 0.000000 0.000000 0.000000 0.000000 1.000000 0.000000 0.000000 0.000000 0.000000 1.000000 0.000000 -10.226978 70.730209 0.001320 1.000000 
70 1.000000 0.000000 0.000000 0.000000 0.000000 1.000000 0.000000 0.000000 0.000000 0.000000 1.000000 0.000000 -10.226987 0.232216 0.001319 1.000000 
71 1.000000 0.000000 0.000000 0.000000 0.000000 1.000000 0.000000 0.000000 0.000000 0.000000 1.000000 0.000000 -10.226987 0.232216 0.001319 1.000000 
72 1.000000 0.000000 0.000000 0.000000 0.000000 1.000000 0.000000 0.000000 0.000000 0.000000 1.000000 0.000000 115.125870 0.000000 -32.474308 1.000000 
73 1.000000 0.000000 0.000000 0.000000 0.000000 1.000000 0.000000 0.000000 0.000000 0.000000 1.000000 0.000000 62.749397 0.000000 -78.997215 1.000000 
74 1.000000 0.000000 0.000000 0.000000 0.000000 1.000000 0.000000 0.000000 0.000000 0.000000 1.000000 0.000000 1.802011 0.000000 -75.468254 1.000000 
75 1.000000 0.000000 0.000000 0.000000 0.000000 1.000000 0.000000 0.000000 0.000000 0.000000 1.000000 0.000000 -89.168083 0.000000 -51.799946 1.000000 
76 1.000000 0.000000 0.000000 0.000000 0.000000 1.000000 0.000000 0.000000 0.000000 0.000000 1.000000 0.000000 119.592667 0.000000 32.457558 1.000000 
77 1.000000 0.000000 0.000000 0.000000 0.000000 1.000000 0.000000 0.000000 0.000000 0.000000 1.000000 0.000000 55.606968 0.000000 78.943047 1.000000 
78 1.000000 0.000000 0.000000 0.000000 0.000000 1.000000 0.000000 0.000000 0.000000 0.000000 1.000000 0.000000 5.046760 0.000000 75.453720 1.000000 
79 1.000000 0.000000 0.000000 0.000000 0.000000 1.000000 0.000000 0.000000 0.000000 0.000000 1.000000 0.000000 -89.121231 0.000000 51.801723 1.000000 
80 1.000000 0.000000 0.000000 0.000000 0.000000 1.000000 0.000000 0.000000 0.000000 0.000000 1.000000 0.000000 132.160492 0.000000 -32.441174 1.000000 
81 1.000000 0.000000 0.000000 0.000000 0.000000 1.000000 0.000000 0.000000 0.000000 0.000000 1.000000 0.000000 68.761414 0.000000 -79.050568 1.000000 
82 1.000000 0.000000 0.000000 0.000000 0.000000 1.000000 0.000000 0.000000 0.000000 0.000000 1.000000 0.000000 13.905589 0.000000 -75.478256 1.000000 
83 1.000000 0.000000 0.000000 0.000000 0.000000 1.000000 0.000000 0.000000 0.000000 0.000000 1.000000 0.000000 -58.008385 0.000000 -51.798386 1.000000 
84 1.000000 0.000000 0.000000 0.000000 0.000000 1.000000 0.000000 0.000000 0.000000 0.000000 1.000000 0.000000 139.501648 0.000000 32.435669 1.000000 
85 1.000000 0.000000 0.000000 0.000000 0.000000 1.000000 0.000000 0.000000 0.000000 0.000000 1.000000 0.000000 59.696896 0.000000 78.963730 1.000000 
86 1.000000 0.000000 0.000000 0.000000 0.000000 1.000000 0.000000 0.000000 0.000000 0.000000 1.000000 0.000000 16.943512 0.000000 75.447723 1.000000 
87 1.000000 0.000000 0.000000 0.000000 0.000000 1.000000 0.000000 0.000000 0.000000 0.000000 1.000000 0.000000 -58.530979 0.000000 51.800949 1.000000 
10 1.000000 0.000000 0.000000 0.000000 0.000000 1.000000 0.000000 0.000000 0.000000 0.000000 1.000000 0.000000 -50.960373 74.227013 0.001232 1.000000 
11 1.128346 -0.812978 -0.001816 0.000000 0.812970 1.128345 -0.004600 0.000000 0.004162 0.002671 1.390711 0.000000 -63.420231 72.040443 1.472308 1.000000 
21 1.000000 0.000000 0.000000 0.000000 0.000000 1.000000 0.000000 0.000000 0.000000 0.000000 1.000000 0.000000 -13.697318 49.781429 0.001319 1.000000 
23 1.000000 0.000000 0.000000 0.000000 0.000000 1.000000 0.000000 0.000000 0.000000 0.000000 1.000000 0.000000 -10.226986 20.205885 0.001319 1.000000 
24 1.000000 0.000000 0.000000 0.000000 0.000000 1.000000 0.000000 0.000000 0.000000 0.000000 1.000000 0.000000 -10.226984 20.205885 0.001319 1.000000 
25 1.000000 0.000000 0.000000 0.000000 0.000000 1.000000 0.000000 0.000000 0.000000 0.000000 1.000000 0.000000 -10.226984 20.205885 0.001319 1.000000 
26 1.000000 0.000000 0.000000 0.000000 0.000000 1.000000 0.000000 0.000000 0.000000 0.000000 1.000000 0.000000 -10.226984 20.205885 0.001319 1.000000 
14 1.000000 0.000000 0.000000 0.000000 0.000000 1.000000 0.000000 0.000000 0.000000 0.000000 1.000000 0.000000 7.631057 25.044264 0.001322 1.000000 
15 1.000000 0.000000 0.000000 0.000000 0.000000 1.000000 0.000000 0.000000 0.000000 0.000000 1.000000 0.000000 12.186775 18.106363 0.001319 1.000000 
16 1.000000 0.000000 0.000000 0.000000 0.000000 1.000000 0.000000 0.000000 0.000000 0.000000 1.000000 0.000000 10.168854 22.949373 -2.989258 1.000000 
17 1.000000 0.000000 0.000000 0.000000 0.000000 1.000000 0.000000 0.000000 0.000000 0.000000 1.000000 0.000000 10.047662 23.045694 2.994847 1.000000 
18 1.000000 0.000000 0.000000 0.000000 0.000000 1.000000 0.000000 0.000000 0.000000 0.000000 1.000000 0.000000 2.779929 19.255835 0.000931 1.000000 
19 1.000000 0.000000 0.000000 0.000000 0.000000 1.000000 0.000000 0.000000 0.000000 0.000000 1.000000 0.000000 2.779929 19.255835 0.000931 1.000000 
20 1.000000 0.000000 0.000000 0.000000 0.000000 1.000000 0.000000 0.000000 0.000000 0.000000 1.000000 0.000000 2.779932 19.255835 0.000932 1.000000 
22 1.000000 0.000000 0.000000 0.000000 0.000000 1.000000 0.000000 0.000000 0.000000 0.000000 1.000000 0.000000 -13.697319 49.282085 0.001319 1.000000 
[KEY]1
87
1 1.000000 0.000000 0.000000 0.000000 0.000000 1.000000 0.000000 0.000000 0.000000 0.000000 1.000000 0.000000 -10.226984 0.232216 0.001319 1.000000 
2 1.000000 0.000000 0.000000 0.000000 0.000000 1.000000 0.000000 0.000000 0.000000 0.000000 1.000000 0.000000 -9.836813 0.026618 0.001319 1.000000 
3 1.000000 0.000000 0.000000 0.000000 0.000000 1.000000 0.000000 0.000000 0.000000 0.000000 1.000000 0.000000 11.488602 18.748465 2.718880 1.000000 
6 1.000000 0.000000 0.000000 0.000000 0.000000 1.000000 0.000000 0.000000 0.000000 0.000000 1.000000 0.000000 11.488588 18.748516 -2.730513 1.000000 
9 0.999986 0.005318 0.000000 0.000000 -0.005318 0.999986 0.000000 0.000000 0.000000 0.000000 1.000000 0.000000 -14.936316 19.428255 0.000921 1.000000 
12 1.000000 0.000000 0.000000 0.000000 0.000000 1.000000 0.000000 0.000000 0.000000 0.000000 1.000000 0.000000 -14.936316 19.428255 0.000921 1.000000 
27 1.000000 0.000000 0.000000 0.000000 0.000000 1.000000 0.000000 0.000000 0.000000 0.000000 1.000000 0.000000 -2.760831 15.666495 -8.168830 1.000000 
32 1.000000 0.000000 0.000000 0.000000 0.000000 1.000000 0.000000 0.000000 0.000000 0.000000 1.000000 0.000000 1.682402 19.428240 -5.426734 1.000000 
37 1.000000 0.000000 0.000000 0.000000 0.000000 1.000000 0.000000 0.000000 0.000000 0.000000 1.000000 0.000000 -8.288293 16.264910 -8.986213 1.000000 
42 1.000000 0.000000 0.000000 0.000000 0.000000 1.000000 0.000000 0.000000 0.000000 0.000000 1.000000 0.000000 -12.139166 16.965088 -7.037132 1.000000 
47 1.000000 0.000000 0.000000 0.000000 0.000000 1.000000 0.000000 0.000000 0.000000 0.000000 1.000000 0.000000 -2.760828 15.666466 8.171465 1.000000 
52 1.000000 0.000000 0.000000 0.000000 0.000000 1.000000 0.000000 0.000000 0.000000 0.000000 1.000000 0.000000 1.682358 19.428253 5.429370 1.000000 
57 1.000000 0.000000 0.000000 0.000000 0.000000 1.000000 0.000000 0.000000 0.000000 0.000000 1.000000 0.000000 -8.288296 16.264957 8.988850 1.000000 
62 1.000000 0.000000 0.000000 0.000000 0.000000 1.000000 0.000000 0.000000 0.000000 0.000000 1.000000 0.000000 -12.139167 16.965063 7.039771 1.000000 
13 1.000000 0.000000 0.000000 0.000000 0.000000 1.000000 0.000000 0.000000 0.000000 0.000000 1.000000 0.000000 3.170100 19.050236 0.000931 1.000000 
28 0.999911 -0.000226 -0.013350 0.000000 0.000395 0.999919 0.012709 0.000000 0.013346 -0.012713 0.999830 0.000000 -1.064493 17.554407 -11.738103 1.000000 
33 0.736802 0.658483 -0.153371 0.000000 -0.599006 0.740962 0.303590 0.000000 0.313551 -0.131815 0.940378 0.000000 4.273387 20.733917 -7.296888 1.000000 
38 0.998644 -0.022020 -0.047169 0.000000 0.023450 0.999275 0.029989 0.000000 0.046474 -0.031055 0.998437 0.000000 -8.459608 17.699017 -14.632987 1.000000 
43 0.998354 0.024617 -0.051796 0.000000 -0.026511 0.998992 -0.036211 0.000000 0.050853 0.037524 0.998001 0.000000 -14.240646 16.854836 -12.770145 1.000000 
48 0.940860 0.024409 0.337915 0.000000 0.090582 0.942968 -0.320323 0.000000 -0.326461 0.331988 0.884990 0.000000 -1.064495 17.554432 11.740780 1.000000 
53 0.972870 0.219477 0.073164 0.000000 -0.214404 0.974142 -0.071264 0.000000 -0.086913 0.053644 0.994771 0.000000 4.273398 20.733953 7.299524 1.000000 
58 0.905811 0.227034 -0.357718 0.000000 -0.239115 0.970932 0.010739 0.000000 0.349758 0.075808 0.933768 0.000000 -8.459613 17.698986 14.635589 1.000000 
63 0.932896 0.105638 0.344303 0.000000 -0.227513 0.913959 0.336031 0.000000 -0.279181 -0.391816 0.876663 0.000000 -14.240644 16.854818 12.772816 1.000000 
4 0.973190 0.228864 0.022852 0.000000 -0.229242 0.973246 0.015512 0.000000 -0.018691 -0.020335 0.999619 0.000000 14.846600 12.664566 6.270426 1.000000 
7 0.945489 -0.325653 -0.001200 0.000000 0.325655 0.945487 0.002006 0.000000 0.000481 -0.002288 0.999997 0.000000 14.846601 12.664614 -6.270925 1.000000 
29 0.999908 -0.005688 -0.012321 0.000000 0.005767 0.999963 0.006398 0.000000 0.012284 -0.006469 0.999904 0.000000 9.670285 53.002689 -31.185856 1.000000 
34 0.962559 0.215649 -0.164245 0.000000 -0.196942 0.972679 0.122918 0.000000 0.186265 -0.085969 0.978731 0.000000 6.715302 62.562416 -14.732092 1.000000 
39 0.998665 -0.021799 -0.046827 0.000000 0.023224 0.999277 0.030116 0.000000 0.046136 -0.031163 0.998449 0.000000 -10.353935 45.920338 -31.346004 1.000000 
44 0.998865 -0.000181 -0.047622 0.000000 0.000668 0.999948 0.010215 0.000000 0.047617 -0.010235 0.998813 0.000000 -22.554932 64.621643 -30.225634 1.000000 
49 0.935724 -0.079739 0.343603 0.000000 0.147577 0.973260 -0.176030 0.000000 -0.320378 0.215423 0.922470 0.000000 6.011805 57.574711 21.656981 1.000000 
54 0.997829 0.043720 0.049262 0.000000 -0.042851 0.998909 -0.018546 0.000000 -0.050019 0.016395 0.998614 0.000000 27.061543 54.622002 19.264591 1.000000 
59 0.905402 0.231217 -0.356070 0.000000 -0.237175 0.971078 0.027497 0.000000 0.352130 0.059555 0.934054 0.000000 -10.461104 45.496925 32.031788 1.000000 
64 0.966254 -0.124574 0.225464 0.000000 0.104905 0.989715 0.097255 0.000000 -0.235260 -0.070321 0.969385 0.000000 -35.576168 54.300629 41.023556 1.000000 
5 0.994514 0.104466 -0.005449 0.000000 -0.104385 0.994446 0.013476 0.000000 0.006826 -0.012833 0.999894 0.000000 16.471405 8.640827 6.400872 1.000000 
8 0.987977 -0.153484 -0.018561 0.000000 0.153397 0.988146 -0.006039 0.000000 0.019268 0.003119 0.999810 0.000000 14.093495 8.371845 -6.461781 1.000000 
30 0.999831 -0.015024 -0.010546 0.000000 0.015019 0.999887 -0.000635 0.000000 0.010555 0.000477 0.999944 0.000000 23.777496 51.380543 -52.890347 1.000000 
35 0.977746 -0.204025 -0.048851 0.000000 0.203080 0.978877 -0.023641 0.000000 0.052643 0.013194 0.998526 0.000000 42.118053 61.250977 -31.857979 1.000000 
40 0.998677 -0.019574 -0.047550 0.000000 0.020674 0.999527 0.022759 0.000000 0.047082 -0.023712 0.998610 0.000000 -16.014574 43.192417 -51.715015 1.000000 
45 0.998798 -0.012128 -0.047501 0.000000 0.013560 0.999460 0.029939 0.000000 0.047113 -0.030547 0.998422 0.000000 -42.645340 56.774620 -44.655182 1.000000 
50 0.927986 -0.189952 0.320563 0.000000 0.208125 0.977830 -0.023074 0.000000 -0.309073 0.088129 0.946946 0.000000 12.327929 59.428833 46.744789 1.000000 
55 0.994035 -0.109054 0.001604 0.000000 0.108988 0.993777 0.022979 0.000000 -0.004100 -0.022668 0.999735 0.000000 63.530064 46.045540 31.300667 1.000000 
60 0.905210 0.234870 -0.354162 0.000000 -0.235369 0.970983 0.042343 0.000000 0.353831 0.045029 0.934225 0.000000 -6.615407 42.275387 52.749252 1.000000 
65 0.959258 -0.217199 0.180687 0.000000 0.221393 0.975180 -0.003129 0.000000 -0.175523 0.043004 0.983536 0.000000 -58.738159 47.714500 50.696239 1.000000 
31 0.999752 -0.020535 -0.008669 0.000000 0.020475 0.999766 -0.006983 0.000000 0.008811 0.006803 0.999938 0.000000 39.348045 35.208012 -67.280289 1.000000 
36 0.919701 -0.389524 0.049195 0.000000 0.392463 0.915614 -0.087309 0.000000 -0.011034 0.099606 0.994966 0.000000 63.514771 37.355984 -35.658051 1.000000 
41 0.998673 -0.018169 -0.048190 0.000000 0.019031 0.999666 0.017495 0.000000 0.047856 -0.018389 0.998685 0.000000 -22.174562 28.289112 -65.115158 1.000000 
46 0.998962 -0.010165 -0.044412 0.000000 0.011651 0.999376 0.033331 0.000000 0.044045 -0.033813 0.998457 0.000000 -63.659573 32.156979 -50.875904 1.000000 
51 0.918687 -0.262393 0.295236 0.000000 0.248838 0.964956 0.083303 0.000000 -0.306748 -0.003064 0.951786 0.000000 19.427225 42.076344 65.706711 1.000000 
56 0.983156 -0.179735 -0.033164 0.000000 0.181076 0.982521 0.043175 0.000000 0.024824 -0.048453 0.998517 0.000000 87.278633 24.307217 33.889347 1.000000 
61 0.905117 0.237039 -0.352953 0.000000 -0.234259 0.970822 0.051258 0.000000 0.354804 0.036288 0.934236 0.000000 -3.023029 26.764589 66.392181 1.000000 
66 0.965335 -0.209012 0.156342 0.000000 0.216356 0.975812 -0.031338 0.000000 -0.146011 0.064077 0.987206 0.000000 -84.985619 27.968330 53.432220 1.000000 
67 1.000000 0.000000 0.000000 0.000000 0.000000 1.000000 0.000000 0.000000 0.000000 0.000000 1.000000 0.000000 0.000000 83.070496 0.000000 1.000000 
68 1.000000 0.000000 0.000000 0.000000 0.000000 1.000000 0.000000 0.000000 0.000000 0.000000 1.000000 0.000000 -10.226984 0.232216 0.001319 1.000000 
69 1.000000 0.000000 0.000000 0.000000 0.000000 1.000000 0.000000 0.000000 0.000000 0.000000 1.000000 0.000000 -10.226978 70.730209 0.001320 1.000000 
70 1.000000 0.000000 0.000000 0.000000 0.000000 1.000000 0.000000 0.000000 0.000000 0.000000 1.000000 0.000000 -10.226987 0.232216 0.001319 1.000000 
71 1.000000 0.000000 0.000000 0.000000 0.000000 1.000000 0.000000 0.000000 0.000000 0.000000 1.000000 0.000000 -10.226987 0.232216 0.001319 1.000000 
72 1.000000 0.000000 0.000000 0.000000 0.000000 1.000000 0.000000 0.000000 0.000000 0.000000 1.000000 0.000000 115.125870 0.000000 -32.474308 1.000000 
73 1.000000 0.000000 0.000000 0.000000 0.000000 1.000000 0.000000 0.000000 0.000000 0.000000 1.000000 0.000000 62.749397 0.000000 -78.997215 1.000000 
74 1.000000 0.000000 0.000000 0.000000 0.000000 1.000000 0.000000 0.000000 0.000000 0.000000 1.000000 0.000000 1.802011 0.000000 -75.468254 1.000000 
75 1.000000 0.000000 0.000000 0.000000 0.000000 1.000000 0.000000 0.000000 0.000000 0.000000 1.000000 0.000000 -89.168083 0.000000 -51.799946 1.000000 
76 1.000000 0.000000 0.000000 0.000000 0.000000 1.000000 0.000000 0.000000 0.000000 0.000000 1.000000 0.000000 119.592667 0.000000 32.457558 1.000000 
77 1.000000 0.000000 0.000000 0.000000 0.000000 1.000000 0.000000 0.000000 0.000000 0.000000 1.000000 0.000000 55.606968 0.000000 78.943047 1.000000 
78 1.000000 0.000000 0.000000 0.000000 0.000000 1.000000 0.000000 0.000000 0.000000 0.000000 1.000000 0.000000 5.046760 0.000000 75.453720 1.000000 
79 1.000000 0.000000 0.000000 0.000000 0.000000 1.000000 0.000000 0.000000 0.000000 0.000000 1.000000 0.000000 -89.121231 0.000000 51.801723 1.000000 
80 1.000000 0.000000 0.000000 0.000000 0.000000 1.000000 0.000000 0.000000 0.000000 0.000000 1.000000 0.000000 132.160492 0.000000 -32.441174 1.000000 
81 1.000000 0.000000 0.000000 0.000000 0.000000 1.000000 0.000000 0.000000 0.000000 0.000000 1.000000 0.000000 68.761414 0.000000 -79.050568 1.000000 
82 1.000000 0.000000 0.000000 0.000000 0.000000 1.000000 0.000000 0.000000 0.000000 0.000000 1.000000 0.000000 13.905589 0.000000 -75.478256 1.000000 
83 1.000000 0.000000 0.000000 0.000000 0.000000 1.000000 0.000000 0.000000 0.000000 0.000000 1.000000 0.000000 -58.008385 0.000000 -51.798386 1.000000 
84 1.000000 0.000000 0.000000 0.000000 0.000000 1.000000 0.000000 0.000000 0.000000 0.000000 1.000000 0.000000 139.501648 0.000000 32.435669 1.000000 
85 1.000000 0.000000 0.000000 0.000000 0.000000 1.000000 0.000000 0.000000 0.000000 0.000000 1.000000 0.000000 59.696896 0.000000 78.963730 1.000000 
86 1.000000 0.000000 0.000000 0.000000 0.000000 1.000000 0.000000 0.000000 0.000000 0.000000 1.000000 0.000000 16.943512 0.000000 75.447723 1.000000 
87 1.000000 0.000000 0.000000 0.000000 0.000000 1.000000 0.000000 0.000000 0.000000 0.000000 1.000000 0.000000 -58.530979 0.000000 51.800949 1.000000 
10 0.999986 0.005318 0.000000 0.000000 -0.005318 0.999986 0.000000 0.000000 0.000000 0.000000 1.000000 0.000000 -50.860012 73.831154 0.001232 1.000000 
11 1.132653 -0.806966 -0.001816 0.000000 0.806958 1.132652 -0.004600 0.000000 0.004148 0.002693 1.390711 0.000000 -63.308067 71.578346 1.472308 1.000000 
21 1.000000 0.000000 0.000000 0.000000 0.000000 1.000000 0.000000 0.000000 0.000000 0.000000 1.000000 0.000000 -13.307147 49.575829 0.001319 1.000000 
23 1.000000 0.000000 0.000000 0.000000 0.000000 1.000000 0.000000 0.000000 0.000000 0.000000 1.000000 0.000000 -9.836815 20.000286 0.001319 1.000000 
24 1.000000 0.000000 0.000000 0.000000 0.000000 1.000000 0.000000 0.000000 0.000000 0.000000 1.000000 0.000000 -9.836813 20.000288 0.001319 1.000000 
25 1.000000 0.000000 0.000000 0.000000 0.000000 1.000000 0.000000 0.000000 0.000000 0.000000 1.000000 0.000000 -9.836813 20.000288 0.001319 1.000000 
26 1.000000 0.000000 0.000000 0.000000 0.000000 1.000000 0.000000 0.000000 0.000000 0.000000 1.000000 0.000000 -9.836813 20.000288 0.001319 1.000000 
14 1.000000 0.000000 0.000000 0.000000 0.000000 1.000000 0.000000 0.000000 0.000000 0.000000 1.000000 0.000000 8.021228 24.838665 0.001322 1.000000 
15 1.000000 0.000000 0.000000 0.000000 0.000000 1.000000 0.000000 0.000000 0.000000 0.000000 1.000000 0.000000 12.576945 17.900764 0.001319 1.000000 
16 1.000000 0.000000 0.000000 0.000000 0.000000 1.000000 0.000000 0.000000 0.000000 0.000000 1.000000 0.000000 10.559025 22.743774 -2.989258 1.000000 
17 1.000000 0.000000 0.000000 0.000000 0.000000 1.000000 0.000000 0.000000 0.000000 0.000000 1.000000 0.000000 10.437833 22.840096 2.994847 1.000000 
18 1.000000 0.000000 0.000000 0.000000 0.000000 1.000000 0.000000 0.000000 0.000000 0.000000 1.000000 0.000000 3.170100 19.050236 0.000931 1.000000 
19 1.000000 0.000000 0.000000 0.000000 0.000000 1.000000 0.000000 0.000000 0.000000 0.000000 1.000000 0.000000 3.170100 19.050236 0.000931 1.000000 
20 1.000000 0.000000 0.000000 0.000000 0.000000 1.000000 0.000000 0.000000 0.000000 0.000000 1.000000 0.000000 3.170102 19.050236 0.000932 1.000000 
22 1.000000 0.000000 0.000000 0.000000 0.000000 1.000000 0.000000 0.000000 0.000000 0.000000 1.000000 0.000000 -13.307149 49.076488 0.001319 1.000000 
[KEY]2
87
1 1.000000 0.000000 0.000000 0.000000 0.000000 1.000000 0.000000 0.000000 0.000000 0.000000 1.000000 0.000000 -10.226984 0.232216 0.001319 1.000000 
2 1.000000 0.000000 0.000000 0.000000 0.000000 1.000000 0.000000 0.000000 0.000000 0.000000 1.000000 0.000000 -9.062435 -0.381437 0.001319 1.000000 
3 1.000000 0.000000 0.000000 0.000000 0.000000 1.000000 0.000000 0.000000 0.000000 0.000000 1.000000 0.000000 12.262980 18.340408 2.718880 1.000000 
6 1.000000 0.000000 0.000000 0.000000 0.000000 1.000000 0.000000 0.000000 0.000000 0.000000 1.000000 0.000000 12.262966 18.340460 -2.730513 1.000000 
9 0.999446 0.033292 0.000000 0.000000 -0.033292 0.999446 0.000000 0.000000 0.000000 0.000000 1.000000 0.000000 -14.161938 19.020199 0.000921 1.000000 
12 1.000000 0.000000 0.000000 0.000000 0.000000 1.000000 0.000000 0.000000 0.000000 0.000000 1.000000 0.000000 -14.161938 19.020199 0.000921 1.000000 
27 1.000000 0.000000 0.000000 0.000000 0.000000 1.000000 0.000000 0.000000 0.000000 0.000000 1.000000 0.000000 -1.986452 15.258441 -8.168830 1.000000 
32 1.000000 0.000000 0.000000 0.000000 0.000000 1.000000 0.000000 0.000000 0.000000 0.000000 1.000000 0.000000 2.456781 19.020184 -5.426734 1.000000 
37 1.000000 0.000000 0.000000 0.000000 0.000000 1.000000 0.000000 0.000000 0.000000 0.000000 1.000000 0.000000 -7.513915 15.856854 -8.986213 1.000000 
42 1.000000 0.000000 0.000000 0.000000 0.000000 1.000000 0.000000 0.000000 0.000000 0.000000 1.000000 0.000000 -11.364787 16.557032 -7.037132 1.000000 
47 1.000000 0.000000 0.000000 0.000000 0.000000 1.000000 0.000000 0.000000 0.000000 0.000000 1.000000 0.000000 -1.986450 15.258411 8.171465 1.000000 
52 1.000000 0.000000 0.000000 0.000000 0.000000 1.000000 0.000000 0.000000 0.000000 0.000000 1.000000 0.000000 2.456737 19.020197 5.429370 1.000000 
57 1.000000 0.000000 0.000000 0.000000 0.000000 1.000000 0.000000 0.000000 0.000000 0.000000 1.000000 0.000000 -7.513917 15.856902 8.988850 1.000000 
62 1.000000 0.000000 0.000000 0.000000 0.000000 1.000000 0.000000 0.000000 0.000000 0.000000 1.000000 0.000000 -11.364789 16.557007 7.039771 1.000000 
13 1.000000 0.000000 0.000000 0.000000 0.000000 1.000000 0.000000 0.000000 0.000000 0.000000 1.000000 0.000000 3.944479 18.642181 0.000931 1.000000 
28 0.998427 0.010673 -0.055045 0.000000 -0.007312 0.998117 0.060904 0.000000 0.055591 -0.060406 0.996625 0.000000 -0.290115 17.146353 -11.738103 1.000000 
33 0.646790 0.753499 -0.117911 0.000000 -0.695320 0.646106 0.314764 0.000000 0.313357 -0.121600 0.941818 0.000000 5.047765 20.325863 -7.296888 1.000000 
38 0.998472 -0.050997 -0.021302 0.000000 0.053690 0.986453 0.155008 0.000000 0.013109 -0.155914 0.987684 0.000000 -7.685230 17.290960 -14.632987 1.000000 
43 0.993101 0.043929 -0.108722 0.000000 -0.053556 0.994744 -0.087274 0.000000 0.104316 0.092495 0.990234 0.000000 -13.466269 16.446781 -12.770145 1.000000 
48 0.944423 0.101277 0.312743 0.000000 0.031787 0.918767 -0.393519 0.000000 -0.327192 0.381590 0.864485 0.000000 -0.290117 17.146378 11.740780 1.000000 
53 0.953252 0.287163 0.094067 0.000000 -0.277961 0.955395 -0.099794 0.000000 -0.118528 0.068982 0.990552 0.000000 5.047777 20.325899 7.299524 1.000000 
58 0.934559 0.189978 -0.300845 0.000000 -0.206450 0.978172 -0.023629 0.000000 0.289789 0.084192 0.953380 0.000000 -7.685235 17.290932 14.635589 1.000000 
63 0.946670 0.058944 0.316769 0.000000 -0.157277 0.942580 0.294630 0.000000 -0.281213 -0.328738 0.901582 0.000000 -13.466265 16.446762 12.772816 1.000000 
4 0.999345 -0.007914 -0.035304 0.000000 0.007997 0.999966 0.002207 0.000000 0.035285 -0.002488 0.999374 0.000000 15.620978 12.256511 6.270426 1.000000 
7 0.999680 -0.001427 -0.025242 0.000000 0.001420 0.999999 -0.000290 0.000000 0.025243 0.000254 0.999681 0.000000 15.620979 12.256559 -6.270925 1.000000 
29 0.998598 -0.011893 -0.051577 0.000000 0.013634 0.999344 0.033551 0.000000 0.051144 -0.034207 0.998105 0.000000 9.322606 53.592949 -29.883968 1.000000 
34 0.921125 0.363470 -0.139349 0.000000 -0.342064 0.926652 0.155912 0.000000 0.185797 -0.095949 0.977892 0.000000 2.121304 62.343746 -13.363324 1.000000 
39 0.998633 -0.047379 -0.022092 0.000000 0.050045 0.988595 0.142042 0.000000 0.015110 -0.142954 0.989614 0.000000 -8.154037 47.411617 -27.743397 1.000000 
44 0.995252 -0.009595 -0.096857 0.000000 0.010705 0.999883 0.010945 0.000000 0.096740 -0.011930 0.995238 0.000000 -23.919628 63.004753 -32.227058 1.000000 
49 0.945173 -0.003550 0.326550 0.000000 0.090532 0.963598 -0.251561 0.000000 -0.313769 0.267332 0.911089 0.000000 4.741165 58.138878 18.398767 1.000000 
54 0.995645 0.064311 0.067490 0.000000 -0.062567 0.997658 -0.027644 0.000000 -0.069110 0.023301 0.997337 0.000000 25.133352 55.945980 19.074146 1.000000 
59 0.934009 0.196147 -0.298585 0.000000 -0.205215 0.978716 0.001002 0.000000 0.292427 0.060339 0.954382 0.000000 -9.891487 45.500992 31.329418 1.000000 
64 0.963548 -0.156288 0.217140 0.000000 0.144508 0.987080 0.069211 0.000000 -0.225151 -0.035310 0.973684 0.000000 -31.508635 56.585697 39.583946 1.000000 
5 0.999114 -0.018774 -0.037679 0.000000 0.018850 0.999821 0.001646 0.000000 0.037641 -0.002355 0.999289 0.000000 16.256016 7.964419 6.419283 1.000000 
8 0.999667 -0.012763 -0.022438 0.000000 0.012683 0.999913 -0.003669 0.000000 0.022483 0.003383 0.999741 0.000000 16.296198 7.951148 -6.468336 1.000000 
30 0.998320 -0.036798 -0.044748 0.000000 0.037093 0.999295 0.005782 0.000000 0.044503 -0.007432 0.998982 0.000000 22.561562 52.479496 -52.159966 1.000000 
35 0.998133 -0.043573 -0.042797 0.000000 0.044430 0.998826 0.019280 0.000000 0.041907 -0.021145 0.998898 0.000000 37.514439 67.020493 -29.910975 1.000000 
40 0.998850 -0.041512 -0.023998 0.000000 0.044124 0.991648 0.121193 0.000000 0.018767 -0.122112 0.992339 0.000000 -13.271150 47.132690 -48.434418 1.000000 
45 0.994731 -0.034841 -0.096419 0.000000 0.039780 0.997967 0.049786 0.000000 0.094488 -0.053359 0.994095 0.000000 -44.771412 55.366592 -45.653660 1.000000 
50 0.942892 -0.118534 0.311294 0.000000 0.155504 0.983094 -0.096671 0.000000 -0.294573 0.139558 0.945384 0.000000 11.431222 62.222031 43.123257 1.000000 
55 0.991322 -0.131301 0.006321 0.000000 0.131080 0.990985 0.027687 0.000000 -0.009899 -0.026618 0.999597 0.000000 61.534111 48.205704 31.858860 1.000000 
60 0.933758 0.201111 -0.296057 0.000000 -0.204079 0.978725 0.021185 0.000000 0.294019 0.040638 0.954935 0.000000 -7.514172 42.431747 52.289120 1.000000 
65 0.953529 -0.243458 0.177515 0.000000 0.251685 0.967485 -0.025051 0.000000 -0.165644 0.068565 0.983799 0.000000 -54.780739 51.170540 49.708229 1.000000 
31 0.997823 -0.053115 -0.039081 0.000000 0.052598 0.998516 -0.014129 0.000000 0.039773 0.012043 0.999136 0.000000 37.273216 36.081390 -67.184357 1.000000 
36 0.971695 -0.232300 0.042971 0.000000 0.234059 0.971325 -0.041776 0.000000 -0.032034 0.050651 0.998203 0.000000 62.480106 47.018566 -34.368431 1.000000 
41 0.998962 -0.037813 -0.025410 0.000000 0.040335 0.993397 0.107404 0.000000 0.021181 -0.108318 0.993891 0.000000 -19.414396 33.775253 -63.382900 1.000000 
46 0.995445 -0.031884 -0.089853 0.000000 0.037113 0.997676 0.057147 0.000000 0.087823 -0.060222 0.994314 0.000000 -66.665710 31.396713 -51.346489 1.000000 
51 0.937005 -0.192453 0.291518 0.000000 0.198614 0.980040 0.008609 0.000000 -0.287356 0.049833 0.956527 0.000000 19.812975 46.657673 63.087234 1.000000 
56 0.974612 -0.220564 -0.038502 0.000000 0.222429 0.973463 0.053807 0.000000 0.025613 -0.061005 0.997809 0.000000 84.776161 25.930496 34.480442 1.000000 
61 0.933638 0.203887 -0.294534 0.000000 -0.203396 0.978552 0.032649 0.000000 0.294874 0.029425 0.955083 0.000000 -5.347120 26.920111 66.228729 1.000000 
66 0.958684 -0.237171 0.157081 0.000000 0.247360 0.967706 -0.048559 0.000000 -0.140491 0.085409 0.986391 0.000000 -81.607216 32.317711 53.060329 1.000000 
67 1.000000 0.000000 0.000000 0.000000 0.000000 1.000000 0.000000 0.000000 0.000000 0.000000 1.000000 0.000000 0.000000 83.070496 0.000000 1.000000 
68 1.000000 0.000000 0.000000 0.000000 0.000000 1.000000 0.000000 0.000000 0.000000 0.000000 1.000000 0.000000 -10.226984 0.232216 0.001319 1.000000 
69 1.000000 0.000000 0.000000 0.000000 0.000000 1.000000 0.000000 0.000000 0.000000 0.000000 1.000000 0.000000 -10.226978 70.730209 0.001320 1.000000 
70 1.000000 0.000000 0.000000 0.000000 0.000000 1.000000 0.000000 0.000000 0.000000 0.000000 1.000000 0.000000 -10.226987 0.232216 0.001319 1.000000 
71 1.000000 0.000000 0.000000 0.000000 0.000000 1.000000 0.000000 0.000000 0.000000 0.000000 1.000000 0.000000 -10.226987 0.232216 0.001319 1.000000 
72 1.000000 0.000000 0.000000 0.000000 0.000000 1.000000 0.000000 0.000000 0.000000 0.000000 1.000000 0.000000 115.125870 0.000000 -32.474308 1.000000 
73 1.000000 0.000000 0.000000 0.000000 0.000000 1.000000 0.000000 0.000000 0.000000 0.000000 1.000000 0.000000 62.749397 0.000000 -78.997215 1.000000 
74 1.000000 0.000000 0.000000 0.000000 0.000000 1.000000 0.000000 0.000000 0.000000 0.000000 1.000000 0.000000 1.802011 0.000000 -75.468254 1.000000 
75 1.000000 0.000000 0.000000 0.000000 0.000000 1.000000 0.000000 0.000000 0.000000 0.000000 1.000000 0.000000 -89.168083 0.000000 -51.799946 1.000000 
76 1.000000 0.000000 0.000000 0.000000 0.000000 1.000000 0.000000 0.000000 0.000000 0.000000 1.000000 0.000000 119.592667 0.000000 32.457558 1.000000 
77 1.000000 0.000000 0.000000 0.000000 0.000000 1.000000 0.000000 0.000000 0.000000 0.000000 1.000000 0.000000 55.606968 0.000000 78.943047 1.000000 
78 1.000000 0.000000 0.000000 0.000000 0.000000 1.000000 0.000000 0.000000 0.000000 0.000000 1.000000 0.000000 5.046760 0.000000 75.453720 1.000000 
79 1.000000 0.000000 0.000000 0.000000 0.000000 1.000000 0.000000 0.000000 0.000000 0.000000 1.000000 0.000000 -89.121231 0.000000 51.801723 1.000000 
80 1.000000 0.000000 0.000000 0.000000 0.000000 1.000000 0.000000 0.000000 0.000000 0.000000 1.000000 0.000000 132.160492 0.000000 -32.441174 1.000000 
81 1.000000 0.000000 0.000000 0.000000 0.000000 1.000000 0.000000 0.000000 0.000000 0.000000 1.000000 0.000000 68.761414 0.000000 -79.050568 1.000000 
82 1.000000 0.000000 0.000000 0.000000 0.000000 1.000000 0.000000 0.000000 0.000000 0.000000 1.000000 0.000000 13.905589 0.000000 -75.478256 1.000000 
83 1.000000 0.000000 0.000000 0.000000 0.000000 1.000000 0.000000 0.000000 0.000000 0.000000 1.000000 0.000000 -58.008385 0.000000 -51.798386 1.000000 
84 1.000000 0.000000 0.000000 0.000000 0.000000 1.000000 0.000000 0.000000 0.000000 0.000000 1.000000 0.000000 139.501648 0.000000 32.435669 1.000000 
85 1.000000 0.000000 0.000000 0.000000 0.000000 1.000000 0.000000 0.000000 0.000000 0.000000 1.000000 0.000000 59.696896 0.000000 78.963730 1.000000 
86 1.000000 0.000000 0.000000 0.000000 0.000000 1.000000 0.000000 0.000000 0.000000 0.000000 1.000000 0.000000 16.943512 0.000000 75.447723 1.000000 
87 1.000000 0.000000 0.000000 0.000000 0.000000 1.000000 0.000000 0.000000 0.000000 0.000000 1.000000 0.000000 -58.530979 0.000000 51.800949 1.000000 
10 0.999446 0.033292 0.000000 0.000000 -0.033292 0.999446 0.000000 0.000000 0.000000 0.000000 1.000000 0.000000 -51.593563 72.396790 0.001232 1.000000 
11 1.154786 -0.774962 -0.001816 0.000000 0.774954 1.154785 -0.004600 0.000000 0.004071 0.002808 1.390711 0.000000 -63.973721 69.796623 1.472308 1.000000 
21 1.000000 0.000000 0.000000 0.000000 0.000000 1.000000 0.000000 0.000000 0.000000 0.000000 1.000000 0.000000 -12.532768 49.167774 0.001319 1.000000 
23 1.000000 0.000000 0.000000 0.000000 0.000000 1.000000 0.000000 0.000000 0.000000 0.000000 1.000000 0.000000 -9.062436 19.592232 0.001319 1.000000 
24 1.000000 0.000000 0.000000 0.000000 0.000000 1.000000 0.000000 0.000000 0.000000 0.000000 1.000000 0.000000 -9.062435 19.592234 0.001319 1.000000 
25 1.000000 0.000000 0.000000 0.000000 0.000000 1.000000 0.000000 0.000000 0.000000 0.000000 1.000000 0.000000 -9.062435 19.592234 0.001319 1.000000 
26 1.000000 0.000000 0.000000 0.000000 0.000000 1.000000 0.000000 0.000000 0.000000 0.000000 1.000000 0.000000 -9.062435 19.592234 0.001319 1.000000 
14 1.000000 0.000000 0.000000 0.000000 0.000000 1.000000 0.000000 0.000000 0.000000 0.000000 1.000000 0.000000 8.795607 24.430611 0.001322 1.000000 
15 1.000000 0.000000 0.000000 0.000000 0.000000 1.000000 0.000000 0.000000 0.000000 0.000000 1.000000 0.000000 13.351324 17.492710 0.001319 1.000000 
16 1.000000 0.000000 0.000000 0.000000 0.000000 1.000000 0.000000 0.000000 0.000000 0.000000 1.000000 0.000000 11.333404 22.335720 -2.989258 1.000000 
17 1.000000 0.000000 0.000000 0.000000 0.000000 1.000000 0.000000 0.000000 0.000000 0.000000 1.000000 0.000000 11.212211 22.432041 2.994847 1.000000 
18 1.000000 0.000000 0.000000 0.000000 0.000000 1.000000 0.000000 0.000000 0.000000 0.000000 1.000000 0.000000 3.944479 18.642181 0.000931 1.000000 
19 1.000000 0.000000 0.000000 0.000000 0.000000 1.000000 0.000000 0.000000 0.000000 0.000000 1.000000 0.000000 3.944479 18.642181 0.000931 1.000000 
20 1.000000 0.000000 0.000000 0.000000 0.000000 1.000000 0.000000 0.000000 0.000000 0.000000 1.000000 0.000000 3.944481 18.642181 0.000932 1.000000 
22 1.000000 0.000000 0.000000 0.000000 0.000000 1.000000 0.000000 0.000000 0.000000 0.000000 1.000000 0.000000 -12.532770 48.668434 0.001319 1.000000 
[KEY]3
87
