[FRAME_COUNT]
28
[DURATION]
1.166667
[BONE_COUNT]
87
[KEY]
1 1.000000 0.000000 0.000000 0.000000 0.000000 1.000000 0.000000 0.000000 0.000000 0.000000 1.000000 0.000000 -10.226984 0.232216 0.001319 1.000000 
2 1.000000 0.000000 0.000000 0.000000 0.000000 1.000000 0.000000 0.000000 0.000000 0.000000 1.000000 0.000000 -10.226984 0.232216 0.001319 1.000000 
3 1.000000 0.000000 0.000000 0.000000 0.000000 1.000000 0.000000 0.000000 0.000000 0.000000 1.000000 0.000000 11.098431 18.954062 2.718880 1.000000 
6 1.000000 0.000000 0.000000 0.000000 0.000000 1.000000 0.000000 0.000000 0.000000 0.000000 1.000000 0.000000 11.098417 18.954113 -2.730513 1.000000 
9 0.991326 0.131429 0.000000 0.000000 -0.131429 0.991326 0.000000 0.000000 0.000000 0.000000 1.000000 0.000000 -15.326487 19.633852 0.000921 1.000000 
12 1.000000 0.000000 0.000000 0.000000 0.000000 1.000000 0.000000 0.000000 0.000000 0.000000 1.000000 0.000000 -15.326487 19.633852 0.000921 1.000000 
27 1.000000 0.000000 0.000000 0.000000 0.000000 1.000000 0.000000 0.000000 0.000000 0.000000 1.000000 0.000000 -3.151001 15.872094 -8.168830 1.000000 
32 1.000000 0.000000 0.000000 0.000000 0.000000 1.000000 0.000000 0.000000 0.000000 0.000000 1.000000 0.000000 1.292232 19.633837 -5.426734 1.000000 
37 1.000000 0.000000 0.000000 0.000000 0.000000 1.000000 0.000000 0.000000 0.000000 0.000000 1.000000 0.000000 -8.678464 16.470507 -8.986213 1.000000 
42 1.000000 0.000000 0.000000 0.000000 0.000000 1.000000 0.000000 0.000000 0.000000 0.000000 1.000000 0.000000 -12.529337 17.170685 -7.037132 1.000000 
47 1.000000 0.000000 0.000000 0.000000 0.000000 1.000000 0.000000 0.000000 0.000000 0.000000 1.000000 0.000000 -3.150999 15.872065 8.171465 1.000000 
52 1.000000 0.000000 0.000000 0.000000 0.000000 1.000000 0.000000 0.000000 0.000000 0.000000 1.000000 0.000000 1.292188 19.633850 5.429370 1.000000 
57 1.000000 0.000000 0.000000 0.000000 0.000000 1.000000 0.000000 0.000000 0.000000 0.000000 1.000000 0.000000 -8.678467 16.470554 8.988850 1.000000 
62 1.000000 0.000000 0.000000 0.000000 0.000000 1.000000 0.000000 0.000000 0.000000 0.000000 1.000000 0.000000 -12.529338 17.170660 7.039771 1.000000 
13 1.000000 0.000000 0.000000 0.000000 0.000000 1.000000 0.000000 0.000000 0.000000 0.000000 1.000000 0.000000 2.779930 19.255835 0.000931 1.000000 
28 0.999992 -0.003966 0.000742 0.000000 0.003969 0.999981 -0.004698 0.000000 -0.000723 0.004701 0.999989 0.000000 -1.454664 17.760006 -11.738103 1.000000 
33 0.999999 0.001282 0.000000 0.000000 -0.001282 0.999999 0.000183 0.000000 0.000000 -0.000183 1.000000 0.000000 3.883216 20.939516 -7.296888 1.000000 
38 0.999997 0.002500 -0.000500 0.000000 -0.002505 0.999954 -0.009216 0.000000 0.000477 0.009217 0.999957 0.000000 -8.849779 17.904613 -14.632987 1.000000 
43 1.000000 0.000427 -0.000000 0.000000 -0.000427 1.000000 -0.000244 0.000000 -0.000000 0.000244 1.000000 0.000000 -14.630817 17.060434 -12.770145 1.000000 
48 0.999992 -0.004028 -0.000315 0.000000 0.004029 0.999981 0.004638 0.000000 0.000296 -0.004639 0.999989 0.000000 -1.454666 17.760031 11.740780 1.000000 
53 0.999999 0.001282 -0.000000 0.000000 -0.001282 0.999999 -0.000244 0.000000 -0.000000 0.000244 1.000000 0.000000 3.883228 20.939552 7.299524 1.000000 
58 0.999997 0.002500 0.000500 0.000000 -0.002505 0.999956 0.009094 0.000000 -0.000477 -0.009095 0.999959 0.000000 -8.849784 17.904585 14.635589 1.000000 
63 1.000000 0.000000 0.000000 0.000000 0.000000 1.000000 0.000000 0.000000 0.000000 0.000000 1.000000 0.000000 -14.630815 17.060415 12.772816 1.000000 
4 1.000000 0.000000 0.000000 0.000000 0.000000 1.000000 0.000000 0.000000 0.000000 0.000000 1.000000 0.000000 14.456429 12.870164 6.270426 1.000000 
7 1.000000 0.000000 0.000000 0.000000 0.000000 1.000000 0.000000 0.000000 0.000000 0.000000 1.000000 0.000000 14.456430 12.870213 -6.270925 1.000000 
29 0.999992 -0.003966 0.000742 0.000000 0.003968 0.999986 -0.003355 0.000000 -0.000728 0.003358 0.999994 0.000000 9.684689 52.825428 -31.646954 1.000000 
34 0.999999 0.001038 0.000000 0.000000 -0.001038 0.999999 0.000183 0.000000 0.000000 -0.000183 1.000000 0.000000 34.331142 48.254070 -19.031767 1.000000 
39 0.999998 0.002137 -0.000131 0.000000 -0.002138 0.999972 -0.007141 0.000000 0.000115 0.007141 0.999974 0.000000 -10.652314 45.391586 -32.537563 1.000000 
44 1.000000 0.000427 -0.000000 0.000000 -0.000427 1.000000 -0.000244 0.000000 -0.000000 0.000244 1.000000 0.000000 -20.872175 65.625031 -28.832985 1.000000 
49 0.999994 -0.003478 -0.000312 0.000000 0.003479 0.999987 0.003601 0.000000 0.000300 -0.003602 0.999993 0.000000 9.678398 52.825916 31.652239 1.000000 
54 0.999999 0.001038 -0.000000 0.000000 -0.001038 0.999999 -0.000244 0.000000 -0.000000 0.000244 1.000000 0.000000 34.331215 48.254665 19.032671 1.000000 
59 0.999997 0.002256 0.000498 0.000000 -0.002259 0.999973 0.006958 0.000000 -0.000482 -0.006959 0.999976 0.000000 -10.652305 45.393814 32.536766 1.000000 
64 1.000000 0.000000 0.000000 0.000000 0.000000 1.000000 0.000000 0.000000 0.000000 0.000000 1.000000 0.000000 -20.851460 65.631584 28.823818 1.000000 
5 1.000000 0.000000 0.000000 0.000000 0.000000 1.000000 0.000000 0.000000 0.000000 0.000000 1.000000 0.000000 15.119763 8.583627 6.452275 1.000000 
8 1.000000 0.000000 0.000000 0.000000 0.000000 1.000000 0.000000 0.000000 0.000000 0.000000 1.000000 0.000000 15.142559 8.565822 -6.452322 1.000000 
30 0.999993 -0.003660 0.000741 0.000000 0.003662 0.999989 -0.002806 0.000000 -0.000731 0.002809 0.999996 0.000000 24.076145 51.016548 -53.149132 1.000000 
35 1.000000 0.000854 0.000000 0.000000 -0.000854 1.000000 0.000183 0.000000 0.000000 -0.000183 1.000000 0.000000 70.949120 37.940910 -29.088259 1.000000 
40 0.999998 0.001955 0.000054 0.000000 -0.001955 0.999980 -0.005981 0.000000 -0.000065 0.005981 0.999982 0.000000 -15.287053 41.764446 -53.025219 1.000000 
45 1.000000 0.000427 -0.000000 0.000000 -0.000427 1.000000 -0.000244 0.000000 -0.000000 0.000244 1.000000 0.000000 -40.247787 57.605583 -44.119785 1.000000 
50 0.999995 -0.003174 -0.000128 0.000000 0.003174 0.999990 0.003051 0.000000 0.000118 -0.003052 0.999995 0.000000 24.061455 51.018864 53.160179 1.000000 
55 1.000000 0.000854 -0.000000 0.000000 -0.000854 1.000000 -0.000244 0.000000 -0.000000 0.000244 1.000000 0.000000 70.949226 37.942051 29.089857 1.000000 
60 0.999997 0.002256 0.000498 0.000000 -0.002259 0.999981 0.005737 0.000000 -0.000485 -0.005738 0.999983 0.000000 -15.294186 41.769905 53.023376 1.000000 
65 1.000000 0.000000 0.000000 0.000000 0.000000 1.000000 0.000000 0.000000 0.000000 0.000000 1.000000 0.000000 -40.230537 57.624107 44.112617 1.000000 
31 0.999994 -0.003416 0.000740 0.000000 0.003418 0.999991 -0.002562 0.000000 -0.000731 0.002565 0.999996 0.000000 39.990768 34.990593 -67.325058 1.000000 
36 1.000000 0.000854 0.000000 0.000000 -0.000854 1.000000 0.000183 0.000000 0.000000 -0.000183 1.000000 0.000000 96.946678 19.008490 -32.075081 1.000000 
41 0.999998 0.001955 0.000054 0.000000 -0.001955 0.999984 -0.005371 0.000000 -0.000064 0.005371 0.999986 0.000000 -20.479162 26.346292 -66.251717 1.000000 
46 1.000000 0.000427 -0.000000 0.000000 -0.000427 1.000000 -0.000244 0.000000 -0.000000 0.000244 1.000000 0.000000 -60.631977 32.519764 -50.562614 1.000000 
51 0.999996 -0.002930 -0.000127 0.000000 0.002930 0.999992 0.002746 0.000000 0.000119 -0.002747 0.999996 0.000000 39.975174 34.997158 67.341927 1.000000 
56 1.000000 0.000854 -0.000000 0.000000 -0.000854 1.000000 -0.000244 0.000000 -0.000000 0.000244 1.000000 0.000000 96.947113 19.009739 32.077862 1.000000 
61 0.999997 0.002256 0.000498 0.000000 -0.002259 0.999985 0.005066 0.000000 -0.000486 -0.005067 0.999987 0.000000 -20.488979 26.353422 66.250839 1.000000 
66 1.000000 0.000000 0.000000 0.000000 0.000000 1.000000 0.000000 0.000000 0.000000 0.000000 1.000000 0.000000 -60.625427 32.548477 50.561409 1.000000 
67 1.000000 0.000000 0.000000 0.000000 0.000000 1.000000 0.000000 0.000000 0.000000 0.000000 1.000000 0.000000 0.000000 83.070496 0.000000 1.000000 
68 1.000000 0.000000 0.000000 0.000000 0.000000 1.000000 0.000000 0.000000 0.000000 0.000000 1.000000 0.000000 -10.226984 0.232216 0.001319 1.000000 
69 1.000000 0.000000 0.000000 0.000000 0.000000 1.000000 0.000000 0.000000 0.000000 0.000000 1.000000 0.000000 -10.226978 70.730209 0.001320 1.000000 
70 1.000000 0.000000 0.000000 0.000000 0.000000 1.000000 0.000000 0.000000 0.000000 0.000000 1.000000 0.000000 -10.226987 0.232216 0.001319 1.000000 
71 1.000000 0.000000 0.000000 0.000000 0.000000 1.000000 0.000000 0.000000 0.000000 0.000000 1.000000 0.000000 -10.226987 0.232216 0.001319 1.000000 
72 1.000000 0.000000 0.000000 0.000000 0.000000 1.000000 0.000000 0.000000 0.000000 0.000000 1.000000 0.000000 115.125870 0.000000 -32.474308 1.000000 
73 1.000000 0.000000 0.000000 0.000000 0.000000 1.000000 0.000000 0.000000 0.000000 0.000000 1.000000 0.000000 62.749397 0.000000 -78.997215 1.000000 
74 1.000000 0.000000 0.000000 0.000000 0.000000 1.000000 0.000000 0.000000 0.000000 0.000000 1.000000 0.000000 1.802011 0.000000 -75.468254 1.000000 
75 1.000000 0.000000 0.000000 0.000000 0.000000 1.000000 0.000000 0.000000 0.000000 0.000000 1.000000 0.000000 -89.168083 0.000000 -51.799946 1.000000 
76 1.000000 0.000000 0.000000 0.000000 0.000000 1.000000 0.000000 0.000000 0.000000 0.000000 1.000000 0.000000 119.592667 0.000000 32.457558 1.000000 
77 1.000000 0.000000 0.000000 0.000000 0.000000 1.000000 0.000000 0.000000 0.000000 0.000000 1.000000 0.000000 55.606968 0.000000 78.943047 1.000000 
78 1.000000 0.000000 0.000000 0.000000 0.000000 1.000000 0.000000 0.000000 0.000000 0.000000 1.000000 0.000000 5.046760 0.000000 75.453720 1.000000 
79 1.000000 0.000000 0.000000 0.000000 0.000000 1.000000 0.000000 0.000000 0.000000 0.000000 1.000000 0.000000 -89.121231 0.000000 51.801723 1.000000 
80 1.000000 0.000000 0.000000 0.000000 0.000000 1.000000 0.000000 0.000000 0.000000 0.000000 1.000000 0.000000 132.160492 0.000000 -32.441174 1.000000 
81 1.000000 0.000000 0.000000 0.000000 0.000000 1.000000 0.000000 0.000000 0.000000 0.000000 1.000000 0.000000 68.761414 0.000000 -79.050568 1.000000 
82 1.000000 0.000000 0.000000 0.000000 0.000000 1.000000 0.000000 0.000000 0.000000 0.000000 1.000000 0.000000 13.905589 0.000000 -75.478256 1.000000 
83 1.000000 0.000000 0.000000 0.000000 0.000000 1.000000 0.000000 0.000000 0.000000 0.000000 1.000000 0.000000 -58.008385 0.000000 -51.798386 1.000000 
84 1.000000 0.000000 0.000000 0.000000 0.000000 1.000000 0.000000 0.000000 0.000000 0.000000 1.000000 0.000000 139.501648 0.000000 32.435669 1.000000 
85 1.000000 0.000000 0.000000 0.000000 0.000000 1.000000 0.000000 0.000000 0.000000 0.000000 1.000000 0.000000 59.696896 0.000000 78.963730 1.000000 
86 1.000000 0.000000 0.000000 0.000000 0.000000 1.000000 0.000000 0.000000 0.000000 0.000000 1.000000 0.000000 16.943512 0.000000 75.447723 1.000000 
87 1.000000 0.000000 0.000000 0.000000 0.000000 1.000000 0.000000 0.000000 0.000000 0.000000 1.000000 0.000000 -58.530979 0.000000 51.800949 1.000000 
10 0.991326 0.131429 0.000000 0.000000 -0.131429 0.991326 0.000000 0.000000 0.000000 0.000000 1.000000 0.000000 -57.826370 69.070145 0.001232 1.000000 
11 1.225407 -0.657629 -0.001816 0.000000 0.657621 1.225405 -0.004600 0.000000 0.003775 0.003194 1.390711 0.000000 -69.890770 65.264961 1.472308 1.000000 
21 1.000000 0.000000 0.000000 0.000000 0.000000 1.000000 0.000000 0.000000 0.000000 0.000000 1.000000 0.000000 -13.697318 49.781429 0.001319 1.000000 
23 1.000000 0.000000 0.000000 0.000000 0.000000 1.000000 0.000000 0.000000 0.000000 0.000000 1.000000 0.000000 -10.226986 20.205885 0.001319 1.000000 
24 1.000000 0.000000 0.000000 0.000000 0.000000 1.000000 0.000000 0.000000 0.000000 0.000000 1.000000 0.000000 -10.226984 20.205885 0.001319 1.000000 
25 1.000000 0.000000 0.000000 0.000000 0.000000 1.000000 0.000000 0.000000 0.000000 0.000000 1.000000 0.000000 -10.226984 20.205885 0.001319 1.000000 
26 1.000000 0.000000 0.000000 0.000000 0.000000 1.000000 0.000000 0.000000 0.000000 0.000000 1.000000 0.000000 -10.226984 20.205885 0.001319 1.000000 
14 1.000000 0.000000 0.000000 0.000000 0.000000 1.000000 0.000000 0.000000 0.000000 0.000000 1.000000 0.000000 7.631057 25.044264 0.001322 1.000000 
15 1.000000 0.000000 0.000000 0.000000 0.000000 1.000000 0.000000 0.000000 0.000000 0.000000 1.000000 0.000000 12.186775 18.106363 0.001319 1.000000 
16 1.000000 0.000000 0.000000 0.000000 0.000000 1.000000 0.000000 0.000000 0.000000 0.000000 1.000000 0.000000 10.168854 22.949373 -2.989258 1.000000 
17 1.000000 0.000000 0.000000 0.000000 0.000000 1.000000 0.000000 0.000000 0.000000 0.000000 1.000000 0.000000 10.047662 23.045694 2.994847 1.000000 
18 1.000000 0.000000 0.000000 0.000000 0.000000 1.000000 0.000000 0.000000 0.000000 0.000000 1.000000 0.000000 2.779929 19.255835 0.000931 1.000000 
19 1.000000 0.000000 0.000000 0.000000 0.000000 1.000000 0.000000 0.000000 0.000000 0.000000 1.000000 0.000000 2.779929 19.255835 0.000931 1.000000 
20 1.000000 0.000000 0.000000 0.000000 0.000000 1.000000 0.000000 0.000000 0.000000 0.000000 1.000000 0.000000 2.779932 19.255835 0.000932 1.000000 
22 1.000000 0.000000 0.000000 0.000000 0.000000 1.000000 0.000000 0.000000 0.000000 0.000000 1.000000 0.000000 -13.697319 49.282085 0.001319 1.000000 
[KEY]
1 1.000000 0.000000 0.000000 0.000000 0.000000 1.000000 0.000000 0.000000 0.000000 0.000000 1.000000 0.000000 -10.226984 0.232216 0.001319 1.000000 
2 0.992914 0.118505 0.008826 0.000000 -0.116519 0.985478 -0.123517 0.000000 -0.023335 0.121614 0.992303 0.000000 -10.673861 12.341674 1.500147 1.000000 
3 0.992914 0.118505 0.008826 0.000000 -0.116519 0.985478 -0.123517 0.000000 -0.023335 0.121614 0.992303 0.000000 8.255582 33.649288 2.072540 1.000000 
6 0.992914 0.118505 0.008826 0.000000 -0.116519 0.985478 -0.123517 0.000000 -0.023335 0.121614 0.992303 0.000000 8.382725 32.986618 -3.334916 1.000000 
9 0.984769 0.155883 -0.077014 0.000000 -0.166827 0.971920 -0.165951 0.000000 0.048983 0.176272 0.983122 0.000000 -17.997881 30.857195 -0.941692 1.000000 
12 0.992914 0.118505 0.008826 0.000000 -0.116519 0.985478 -0.123517 0.000000 -0.023335 0.121614 0.992303 0.000000 -17.997881 30.857195 -0.941692 1.000000 
27 0.992914 0.118505 0.008826 0.000000 -0.116519 0.985478 -0.123517 0.000000 -0.023335 0.121614 0.992303 0.000000 -5.279708 27.599363 -8.476459 1.000000 
32 0.992914 0.118505 0.008826 0.000000 -0.116519 0.985478 -0.123517 0.000000 -0.023335 0.121614 0.992303 0.000000 -1.370261 32.166496 -6.180892 1.000000 
37 0.992914 0.118505 0.008826 0.000000 -0.116519 0.985478 -0.123517 0.000000 -0.023335 0.121614 0.992303 0.000000 -10.818657 27.434652 -9.410250 1.000000 
42 0.992914 0.118505 0.008826 0.000000 -0.116519 0.985478 -0.123517 0.000000 -0.023335 0.121614 0.992303 0.000000 -14.769310 27.905352 -7.596643 1.000000 
47 0.992914 0.118505 0.008826 0.000000 -0.116519 0.985478 -0.123517 0.000000 -0.023335 0.121614 0.992303 0.000000 -5.661006 29.586536 7.738072 1.000000 
52 0.992914 0.118505 0.008826 0.000000 -0.116519 0.985478 -0.123517 0.000000 -0.023335 0.121614 0.992303 0.000000 -1.623635 33.486755 4.591653 1.000000 
57 0.992914 0.118505 0.008826 0.000000 -0.116519 0.985478 -0.123517 0.000000 -0.023335 0.121614 0.992303 0.000000 -11.238117 29.620710 8.426455 1.000000 
62 0.992914 0.118505 0.008826 0.000000 -0.116519 0.985478 -0.123517 0.000000 -0.023335 0.121614 0.992303 0.000000 -15.097796 29.617270 6.371916 1.000000 
13 0.992914 0.118505 0.008826 0.000000 -0.116519 0.985478 -0.123517 0.000000 -0.023335 0.121614 0.992303 0.000000 0.024285 32.630360 -0.735182 1.000000 
28 0.989307 0.135602 -0.053697 0.000000 -0.145846 0.921163 -0.360815 0.000000 0.000537 0.364788 0.931090 0.000000 -3.732079 29.226809 -12.236478 1.000000 
33 0.992918 -0.118787 0.001844 0.000000 0.108885 0.903722 -0.414042 0.000000 0.047516 0.411311 0.910256 0.000000 1.093869 33.532822 -8.175057 1.000000 
38 0.975836 -0.182411 0.120294 0.000000 0.208096 0.943732 -0.257034 0.000000 -0.066640 0.275856 0.958886 0.000000 -11.024091 28.140907 -15.192211 1.000000 
43 0.974779 -0.121980 0.186886 0.000000 0.205261 0.818725 -0.536243 0.000000 -0.087597 0.561079 0.823114 0.000000 -16.709272 26.850454 -13.290460 1.000000 
48 0.976882 -0.198940 -0.078265 0.000000 0.208122 0.968677 0.135462 0.000000 0.048864 -0.148619 0.987687 0.000000 -4.279968 32.082184 11.061689 1.000000 
53 0.948867 -0.314289 -0.029561 0.000000 0.293501 0.912815 -0.283947 0.000000 0.116225 0.260752 0.958384 0.000000 0.753266 35.307980 6.309004 1.000000 
58 0.999060 0.007866 -0.042628 0.000000 0.005725 0.950840 0.309630 0.000000 0.042968 -0.309583 0.949901 0.000000 -11.707080 31.700333 13.851093 1.000000 
63 0.991285 0.131710 -0.002669 0.000000 -0.130430 0.984098 0.120577 0.000000 0.018508 -0.119178 0.992700 0.000000 -17.305319 29.956806 12.055904 1.000000 
4 0.887253 -0.455384 0.073534 0.000000 0.458267 0.851980 -0.253223 0.000000 0.052665 0.258371 0.964609 0.000000 12.215800 28.483597 6.377854 1.000000 
7 0.905308 -0.411505 0.105264 0.000000 0.424696 0.872814 -0.240476 0.000000 0.007081 0.262410 0.964930 0.000000 12.508451 26.958447 -6.066974 1.000000 
29 0.989039 0.136489 -0.056323 0.000000 -0.147040 0.945179 -0.291574 0.000000 0.013438 0.296660 0.954889 0.000000 1.991137 55.938488 -43.918686 1.000000 
34 0.998083 -0.005719 -0.061630 0.000000 -0.017439 0.929398 -0.368666 0.000000 0.059387 0.369034 0.927516 0.000000 33.772728 49.730652 -30.097441 1.000000 
39 0.973151 -0.189570 0.130540 0.000000 0.213756 0.954675 -0.207132 0.000000 -0.085357 0.229475 0.969565 0.000000 -5.776058 49.685436 -39.433659 1.000000 
44 0.973508 -0.126285 0.190614 0.000000 0.209911 0.824134 -0.526061 0.000000 -0.090658 0.552137 0.828810 0.000000 -11.397204 58.369812 -53.710762 1.000000 
49 0.985308 -0.155908 -0.069724 0.000000 0.160024 0.985411 0.057939 0.000000 0.059674 -0.068245 0.995882 0.000000 14.743099 61.061020 34.479156 1.000000 
54 0.985407 -0.156838 -0.066142 0.000000 0.127434 0.937374 -0.324178 0.000000 0.112843 0.311019 0.943681 0.000000 39.046738 53.684078 8.914995 1.000000 
59 0.998544 -0.004133 -0.053787 0.000000 0.015518 0.976926 0.213013 0.000000 0.051665 -0.213537 0.975568 0.000000 -12.513538 52.518005 39.254501 1.000000 
64 0.993277 0.115475 -0.008086 0.000000 -0.114125 0.988563 0.098585 0.000000 0.019378 -0.096999 0.995096 0.000000 -29.509834 75.023354 33.862926 1.000000 
5 0.898162 -0.433722 0.072049 0.000000 0.436988 0.862566 -0.254993 0.000000 0.048449 0.260509 0.964255 0.000000 10.849545 24.576466 7.687497 1.000000 
8 0.927990 -0.362443 0.086424 0.000000 0.372366 0.893813 -0.249884 0.000000 0.013322 0.264072 0.964411 0.000000 11.300264 22.871567 -5.134682 1.000000 
30 0.986551 0.148038 -0.069300 0.000000 -0.161142 0.951930 -0.260503 0.000000 0.027404 0.268166 0.962983 0.000000 16.173849 49.930317 -64.786896 1.000000 
35 0.994905 0.033710 -0.095013 0.000000 -0.064868 0.935491 -0.347344 0.000000 0.077174 0.351738 0.932912 0.000000 69.893234 36.188751 -37.862545 1.000000 
40 0.971571 -0.193640 0.136209 0.000000 0.216382 0.959757 -0.179013 0.000000 -0.096064 0.203397 0.974372 0.000000 -9.282214 42.544136 -59.209652 1.000000 
45 0.972341 -0.130833 0.193485 0.000000 0.214459 0.828257 -0.517685 0.000000 -0.092525 0.544861 0.833406 0.000000 -30.557663 45.776409 -65.863747 1.000000 
50 0.989825 -0.132214 -0.052599 0.000000 0.133114 0.991002 0.013984 0.000000 0.050277 -0.020844 0.998518 0.000000 29.929651 55.695076 54.809052 1.000000 
55 0.993418 -0.094231 -0.065119 0.000000 0.066727 0.938182 -0.339650 0.000000 0.093099 0.333069 0.938295 0.000000 74.935097 41.365177 19.338348 1.000000 
60 0.997949 -0.011564 -0.062969 0.000000 0.021344 0.987377 0.156943 0.000000 0.060359 -0.157965 0.985598 0.000000 -16.140650 44.766071 58.777119 1.000000 
65 0.994483 0.103913 -0.014366 0.000000 -0.102375 0.991262 0.083177 0.000000 0.022883 -0.081247 0.996431 0.000000 -47.548515 63.386650 48.444038 1.000000 
31 0.982984 0.164973 -0.080785 0.000000 -0.179630 0.955262 -0.234963 0.000000 0.038409 0.245476 0.968641 0.000000 34.098431 33.314651 -75.449554 1.000000 
36 0.994786 0.007527 -0.101708 0.000000 -0.042015 0.938959 -0.341453 0.000000 0.092930 0.343945 0.934380 0.000000 96.741585 18.282825 -36.530338 1.000000 
41 0.970021 -0.198315 0.140467 0.000000 0.219317 0.963350 -0.154453 0.000000 -0.104688 0.180630 0.977964 0.000000 -16.394125 26.134922 -70.153877 1.000000 
46 0.972308 -0.127459 0.195888 0.000000 0.212548 0.830765 -0.514445 0.000000 -0.097166 0.541834 0.834850 0.000000 -55.169456 24.161970 -62.203220 1.000000 
51 0.994023 -0.100857 -0.041793 0.000000 0.099929 0.994711 -0.023747 0.000000 0.043967 0.019428 0.998844 0.000000 44.325253 37.503487 67.958046 1.000000 
56 0.992518 -0.118078 -0.031064 0.000000 0.099568 0.930010 -0.353791 0.000000 0.070665 0.348051 0.934808 0.000000 99.758705 22.127090 26.883871 1.000000 
61 0.997222 -0.021755 -0.071245 0.000000 0.029376 0.993746 0.107733 0.000000 0.068455 -0.109526 0.991624 0.000000 -20.876209 27.587578 69.826706 1.000000 
66 0.993983 0.107405 -0.021509 0.000000 -0.105520 0.991578 0.075094 0.000000 0.029393 -0.072372 0.996944 0.000000 -65.116196 35.886883 53.077087 1.000000 
67 1.000000 0.000000 0.000000 0.000000 0.000000 1.000000 0.000000 0.000000 0.000000 0.000000 1.000000 0.000000 0.000000 83.070496 0.000000 1.000000 
68 1.000000 0.000000 0.000000 0.000000 0.000000 1.000000 0.000000 0.000000 0.000000 0.000000 1.000000 0.000000 -10.226984 0.232216 0.001319 1.000000 
69 1.000000 0.000000 0.000000 0.000000 0.000000 1.000000 0.000000 0.000000 0.000000 0.000000 1.000000 0.000000 -10.226978 70.730209 0.001320 1.000000 
70 1.000000 0.000000 0.000000 0.000000 0.000000 1.000000 0.000000 0.000000 0.000000 0.000000 1.000000 0.000000 -10.226987 0.232216 0.001319 1.000000 
71 1.000000 0.000000 0.000000 0.000000 0.000000 1.000000 0.000000 0.000000 0.000000 0.000000 1.000000 0.000000 -10.226987 0.232216 0.001319 1.000000 
72 1.000000 0.000000 0.000000 0.000000 0.000000 1.000000 0.000000 0.000000 0.000000 0.000000 1.000000 0.000000 115.125870 0.000000 -32.474308 1.000000 
73 1.000000 0.000000 0.000000 0.000000 0.000000 1.000000 0.000000 0.000000 0.000000 0.000000 1.000000 0.000000 62.749397 0.000000 -78.997215 1.000000 
74 1.000000 0.000000 0.000000 0.000000 0.000000 1.000000 0.000000 0.000000 0.000000 0.000000 1.000000 0.000000 1.802011 0.000000 -75.468254 1.000000 
75 1.000000 0.000000 0.000000 0.000000 0.000000 1.000000 0.000000 0.000000 0.000000 0.000000 1.000000 0.000000 -89.168083 0.000000 -51.799946 1.000000 
76 1.000000 0.000000 0.000000 0.000000 0.000000 1.000000 0.000000 0.000000 0.000000 0.000000 1.000000 0.000000 119.592667 0.000000 32.457558 1.000000 
77 1.000000 0.000000 0.000000 0.000000 0.000000 1.000000 0.000000 0.000000 0.000000 0.000000 1.000000 0.000000 55.606968 0.000000 78.943047 1.000000 
78 1.000000 0.000000 0.000000 0.000000 0.000000 1.000000 0.000000 0.000000 0.000000 0.000000 1.000000 0.000000 5.046760 0.000000 75.453720 1.000000 
79 1.000000 0.000000 0.000000 0.000000 0.000000 1.000000 0.000000 0.000000 0.000000 0.000000 1.000000 0.000000 -89.121231 0.000000 51.801723 1.000000 
80 1.000000 0.000000 0.000000 0.000000 0.000000 1.000000 0.000000 0.000000 0.000000 0.000000 1.000000 0.000000 132.160492 0.000000 -32.441174 1.000000 
81 1.000000 0.000000 0.000000 0.000000 0.000000 1.000000 0.000000 0.000000 0.000000 0.000000 1.000000 0.000000 68.761414 0.000000 -79.050568 1.000000 
82 1.000000 0.000000 0.000000 0.000000 0.000000 1.000000 0.000000 0.000000 0.000000 0.000000 1.000000 0.000000 13.905589 0.000000 -75.478256 1.000000 
83 1.000000 0.000000 0.000000 0.000000 0.000000 1.000000 0.000000 0.000000 0.000000 0.000000 1.000000 0.000000 -58.008385 0.000000 -51.798386 1.000000 
84 1.000000 0.000000 0.000000 0.000000 0.000000 1.000000 0.000000 0.000000 0.000000 0.000000 1.000000 0.000000 139.501648 0.000000 32.435669 1.000000 
85 1.000000 0.000000 0.000000 0.000000 0.000000 1.000000 0.000000 0.000000 0.000000 0.000000 1.000000 0.000000 59.696896 0.000000 78.963730 1.000000 
86 1.000000 0.000000 0.000000 0.000000 0.000000 1.000000 0.000000 0.000000 0.000000 0.000000 1.000000 0.000000 16.943512 0.000000 75.447723 1.000000 
87 1.000000 0.000000 0.000000 0.000000 0.000000 1.000000 0.000000 0.000000 0.000000 0.000000 1.000000 0.000000 -58.530979 0.000000 51.800949 1.000000 
10 0.984769 0.155883 -0.077014 0.000000 -0.166827 0.971920 -0.165951 0.000000 0.048983 0.176272 0.983122 0.000000 -62.196613 78.362747 -7.256866 1.000000 
11 1.246698 -0.614580 0.046231 0.000000 0.612123 1.222579 -0.254383 0.000000 0.071774 0.248387 1.366475 0.000000 -74.029854 74.554611 -4.488167 1.000000 
21 0.992914 0.118505 0.008826 0.000000 -0.116519 0.985478 -0.123517 0.000000 -0.023335 0.121614 0.992303 0.000000 -19.893032 60.760078 -4.650661 1.000000 
23 0.992914 0.118505 0.008826 0.000000 -0.116519 0.985478 -0.123517 0.000000 -0.023335 0.121614 0.992303 0.000000 -13.001175 32.025284 -0.966944 1.000000 
24 0.992914 0.118505 0.008826 0.000000 -0.116519 0.985478 -0.123517 0.000000 -0.023335 0.121614 0.992303 0.000000 -13.001174 32.025284 -0.966944 1.000000 
25 0.992914 0.118505 0.008826 0.000000 -0.116519 0.985478 -0.123517 0.000000 -0.023335 0.121614 0.992303 0.000000 -13.001174 32.025284 -0.966944 1.000000 
26 0.992914 0.118505 0.008826 0.000000 -0.116519 0.985478 -0.123517 0.000000 -0.023335 0.121614 0.992303 0.000000 -13.001174 32.025284 -0.966944 1.000000 
14 0.992914 0.118505 0.008826 0.000000 -0.116519 0.985478 -0.123517 0.000000 -0.023335 0.121614 0.992303 0.000000 4.166567 38.909657 -1.406949 1.000000 
15 0.992914 0.118505 0.008826 0.000000 -0.116519 0.985478 -0.123517 0.000000 -0.023335 0.121614 0.992303 0.000000 9.498402 32.612381 -0.509793 1.000000 
16 0.992914 0.118505 0.008826 0.000000 -0.116519 0.985478 -0.123517 0.000000 -0.023335 0.121614 0.992303 0.000000 7.000263 36.782234 -4.093357 1.000000 
17 0.992914 0.118505 0.008826 0.000000 -0.116519 0.985478 -0.123517 0.000000 -0.023335 0.121614 0.992303 0.000000 6.729065 37.590542 1.831722 1.000000 
18 0.992914 0.118505 0.008826 0.000000 -0.116519 0.985478 -0.123517 0.000000 -0.023335 0.121614 0.992303 0.000000 0.024285 32.630360 -0.735182 1.000000 
19 0.992914 0.118505 0.008826 0.000000 -0.116519 0.985478 -0.123517 0.000000 -0.023335 0.121614 0.992303 0.000000 0.024285 32.630360 -0.735182 1.000000 
20 0.992914 0.118505 0.008826 0.000000 -0.116519 0.985478 -0.123517 0.000000 -0.023335 0.121614 0.992303 0.000000 0.024287 32.630360 -0.735181 1.000000 
22 0.992914 0.118505 0.008826 0.000000 -0.116519 0.985478 -0.123517 0.000000 -0.023335 0.121614 0.992303 0.000000 -19.834850 60.267990 -4.588984 1.000000 
[KEY]
1 1.000000 0.000000 0.000000 0.000000 0.000000 1.000000 0.000000 0.000000 0.000000 0.000000 1.000000 0.000000 -10.226984 0.232216 0.001319 1.000000 
2 0.921016 0.380842 -0.081783 0.000000 -0.382639 0.845266 -0.372979 0.000000 -0.072918 0.374813 0.924228 0.000000 -11.827694 39.631153 3.702103 1.000000 
3 0.921016 0.380842 -0.081783 0.000000 -0.382639 0.845266 -0.372979 0.000000 -0.072918 0.374813 0.924228 0.000000 0.451496 64.596291 -2.513166 1.000000 
6 0.921016 0.380842 -0.081783 0.000000 -0.382639 0.845266 -0.372979 0.000000 -0.072918 0.374813 0.924228 0.000000 0.848823 62.553822 -7.549667 1.000000 
9 0.888378 0.415982 -0.194279 0.000000 -0.452773 0.723722 -0.520790 0.000000 -0.076035 0.550623 0.831284 0.000000 -23.948204 54.088436 -3.117621 1.000000 
12 0.921016 0.380842 -0.081783 0.000000 -0.382639 0.845266 -0.372979 0.000000 -0.072918 0.374813 0.924228 0.000000 -23.948204 54.088436 -3.117621 1.000000 
27 0.921016 0.380842 -0.081783 0.000000 -0.382639 0.845266 -0.372979 0.000000 -0.072918 0.374813 0.924228 0.000000 -10.699270 52.483559 -10.261024 1.000000 
32 0.921016 0.380842 -0.081783 0.000000 -0.382639 0.845266 -0.372979 0.000000 -0.072918 0.374813 0.924228 0.000000 -8.246318 58.383179 -9.493135 1.000000 
37 0.921016 0.380842 -0.081783 0.000000 -0.382639 0.845266 -0.372979 0.000000 -0.072918 0.374813 0.924228 0.000000 -15.959526 50.577923 -10.787617 1.000000 
42 0.921016 0.380842 -0.081783 0.000000 -0.382639 0.845266 -0.372979 0.000000 -0.072918 0.374813 0.924228 0.000000 -19.916281 50.433723 -8.932438 1.000000 
47 0.921016 0.380842 -0.081783 0.000000 -0.382639 0.845266 -0.372979 0.000000 -0.072918 0.374813 0.924228 0.000000 -11.890759 58.608093 4.841150 1.000000 
52 0.921016 0.380842 -0.081783 0.000000 -0.382639 0.845266 -0.372979 0.000000 -0.072918 0.374813 0.924228 0.000000 -9.037969 62.452183 0.540383 1.000000 
57 0.921016 0.380842 -0.081783 0.000000 -0.382639 0.845266 -0.372979 0.000000 -0.072918 0.374813 0.924228 0.000000 -17.270252 57.315250 5.825428 1.000000 
62 0.921016 0.380842 -0.081783 0.000000 -0.382639 0.845266 -0.372979 0.000000 -0.072918 0.374813 0.924228 0.000000 -20.942732 55.709911 4.077845 1.000000 
13 0.921016 0.380842 -0.081783 0.000000 -0.382639 0.845266 -0.372979 0.000000 -0.072918 0.374813 0.924228 0.000000 -7.127259 60.664604 -4.457414 1.000000 
28 0.998327 0.019391 0.054476 0.000000 0.024531 0.711096 -0.702667 0.000000 -0.052363 0.702828 0.709430 0.000000 -9.599040 53.387573 -14.402732 1.000000 
33 0.915955 -0.355265 0.186584 0.000000 0.371281 0.573893 -0.729929 0.000000 0.152239 0.737857 0.657564 0.000000 -6.223214 59.772621 -11.920473 1.000000 
38 0.987066 -0.052131 0.151603 0.000000 0.139118 0.748481 -0.648400 0.000000 -0.079670 0.661104 0.746052 0.000000 -16.254305 49.608395 -16.527407 1.000000 
43 0.956494 0.036754 0.289428 0.000000 0.222675 0.549009 -0.805608 0.000000 -0.188508 0.835008 0.516940 0.000000 -21.391552 47.391392 -14.018064 1.000000 
48 0.730908 -0.602439 -0.320687 0.000000 0.682205 0.631705 0.368164 0.000000 -0.019216 -0.487868 0.872706 0.000000 -11.311084 62.187790 7.297108 1.000000 
53 0.603158 -0.761952 0.235860 0.000000 0.697047 0.359790 -0.620223 0.000000 0.387720 0.538498 0.748127 0.000000 -7.287558 65.243584 1.569930 1.000000 
58 0.995811 0.085250 -0.033046 0.000000 -0.013323 0.492874 0.869999 0.000000 0.090455 -0.865915 0.491945 0.000000 -18.388502 60.578613 10.523452 1.000000 
63 0.882789 0.460585 0.092442 0.000000 -0.466253 0.835017 0.292156 0.000000 0.057372 -0.301013 0.951893 0.000000 -23.254084 56.965214 9.589471 1.000000 
4 0.700025 -0.656412 0.281225 0.000000 0.696738 0.541445 -0.470524 0.000000 0.156590 0.525319 0.836373 0.000000 5.613230 62.063808 2.763814 1.000000 
7 0.814251 -0.518647 0.260770 0.000000 0.577697 0.679754 -0.451886 0.000000 0.057110 0.518595 0.853111 0.000000 6.527702 57.363186 -8.827275 1.000000 
29 0.999457 0.009909 0.031437 0.000000 0.005888 0.884734 -0.466059 0.000000 -0.032432 0.465991 0.884195 0.000000 3.265835 64.750816 -52.552475 1.000000 
34 0.985761 -0.120432 -0.117354 0.000000 0.016902 0.765324 -0.643423 0.000000 0.167303 0.632277 0.756462 0.000000 30.036577 55.932755 -33.860195 1.000000 
39 0.977051 -0.065020 0.202837 0.000000 0.152864 0.877194 -0.455151 0.000000 -0.148334 0.475713 0.867003 0.000000 -12.703229 58.728355 -47.889370 1.000000 
44 0.945277 0.017810 0.325783 0.000000 0.246364 0.615675 -0.748497 0.000000 -0.213907 0.787799 0.577596 0.000000 -13.500214 60.426079 -63.245216 1.000000 
49 0.858587 -0.448324 -0.248664 0.000000 0.476850 0.876486 0.066225 0.000000 0.188261 -0.175435 0.966323 0.000000 20.354012 68.170967 33.972019 1.000000 
54 0.885785 -0.442873 -0.138740 0.000000 0.183198 0.608336 -0.772247 0.000000 0.426408 0.658628 0.619989 0.000000 34.660931 58.151524 0.627055 1.000000 
59 0.991080 0.061567 -0.118196 0.000000 0.007312 0.860436 0.509505 0.000000 0.133069 -0.505825 0.852311 0.000000 -18.877932 58.777641 43.324001 1.000000 
64 0.924872 0.377469 0.046148 0.000000 -0.379620 0.909303 0.170458 0.000000 0.022380 -0.175171 0.984284 0.000000 -50.471241 89.826233 38.483589 1.000000 
5 0.812914 -0.536491 0.226602 0.000000 0.568116 0.644909 -0.511211 0.000000 0.128123 0.544307 0.829044 0.000000 3.119462 59.402992 5.119375 1.000000 
8 0.875583 -0.441018 0.197124 0.000000 0.477925 0.731464 -0.486362 0.000000 0.070305 0.520061 0.851231 0.000000 4.589390 53.987331 -6.858010 1.000000 
30 0.998692 0.045268 -0.023762 0.000000 -0.050783 0.932077 -0.358684 0.000000 0.005911 0.359421 0.933157 0.000000 18.328587 53.379856 -70.344170 1.000000 
35 0.968303 -0.035563 -0.247234 0.000000 -0.116447 0.811395 -0.572781 0.000000 0.220974 0.583415 0.781535 0.000000 64.265419 37.243366 -39.100788 1.000000 
40 0.969698 -0.077983 0.231524 0.000000 0.154583 0.929704 -0.334297 0.000000 -0.189180 0.359957 0.913587 0.000000 -14.724267 46.226864 -65.036064 1.000000 
45 0.939301 0.004734 0.343062 0.000000 0.259516 0.644245 -0.719444 0.000000 -0.224422 0.764804 0.603912 0.000000 -30.521130 43.106491 -72.395760 1.000000 
50 0.921254 -0.347148 -0.175442 0.000000 0.329624 0.936239 -0.121671 0.000000 0.206493 0.054260 0.976942 0.000000 35.952888 56.475704 51.078312 1.000000 
55 0.931901 -0.258210 -0.254731 0.000000 -0.036659 0.631650 -0.774387 0.000000 0.360855 0.730990 0.579169 0.000000 69.477837 42.263279 9.777061 1.000000 
60 0.984831 0.035893 -0.169764 0.000000 0.005169 0.971869 0.235466 0.000000 0.173440 -0.232771 0.956941 0.000000 -20.772047 45.129322 59.587967 1.000000 
65 0.940299 0.339701 0.021004 0.000000 -0.339787 0.933411 0.115278 0.000000 0.019555 -0.115533 0.993111 0.000000 -65.012436 72.551857 51.272861 1.000000 
31 0.994783 0.085687 -0.055365 0.000000 -0.098359 0.949617 -0.297578 0.000000 0.027077 0.301471 0.953091 0.000000 34.995094 34.141129 -78.291626 1.000000 
36 0.965158 -0.089501 -0.245885 0.000000 -0.069356 0.818575 -0.570198 0.000000 0.252308 0.567385 0.783846 0.000000 90.971283 19.198730 -36.998695 1.000000 
41 0.964733 -0.091244 0.246911 0.000000 0.156351 0.953238 -0.258635 0.000000 -0.211766 0.288118 0.933886 0.000000 -19.638979 27.589151 -73.288284 1.000000 
46 0.938339 0.012595 0.345488 0.000000 0.254658 0.650691 -0.715367 0.000000 -0.233816 0.759238 0.607361 0.000000 -54.738312 21.922962 -65.246635 1.000000 
51 0.954132 -0.253014 -0.160049 0.000000 0.215142 0.951212 -0.221155 0.000000 0.208196 0.176578 0.962016 0.000000 48.347286 36.794346 64.120026 1.000000 
56 0.948574 -0.264751 -0.173534 0.000000 0.018599 0.593861 -0.804353 0.000000 0.316009 0.759760 0.568245 0.000000 95.461655 25.762295 19.565283 1.000000 
61 0.980451 0.003692 -0.196728 0.000000 0.011817 0.996914 0.077607 0.000000 0.196407 -0.078415 0.977382 0.000000 -23.685118 26.944391 69.610046 1.000000 
66 0.937926 0.346766 0.006920 0.000000 -0.345714 0.933107 0.098965 0.000000 0.027860 -0.095214 0.995067 0.000000 -75.543259 41.472794 54.358189 1.000000 
67 1.000000 0.000000 0.000000 0.000000 0.000000 1.000000 0.000000 0.000000 0.000000 0.000000 1.000000 0.000000 0.000000 83.070496 0.000000 1.000000 
68 1.000000 0.000000 0.000000 0.000000 0.000000 1.000000 0.000000 0.000000 0.000000 0.000000 1.000000 0.000000 -10.226984 0.232216 0.001319 1.000000 
69 1.000000 0.000000 0.000000 0.000000 0.000000 1.000000 0.000000 0.000000 0.000000 0.000000 1.000000 0.000000 -10.226978 70.730209 0.001320 1.000000 
70 1.000000 0.000000 0.000000 0.000000 0.000000 1.000000 0.000000 0.000000 0.000000 0.000000 1.000000 0.000000 -10.226987 0.232216 0.001319 1.000000 
71 1.000000 0.000000 0.000000 0.000000 0.000000 1.000000 0.000000 0.000000 0.000000 0.000000 1.000000 0.000000 -10.226987 0.232216 0.001319 1.000000 
72 1.000000 0.000000 0.000000 0.000000 0.000000 1.000000 0.000000 0.000000 0.000000 0.000000 1.000000 0.000000 115.125870 0.000000 -32.474308 1.000000 
73 1.000000 0.000000 0.000000 0.000000 0.000000 1.000000 0.000000 0.000000 0.000000 0.000000 1.000000 0.000000 62.749397 0.000000 -78.997215 1.000000 
74 1.000000 0.000000 0.000000 0.000000 0.000000 1.000000 0.000000 0.000000 0.000000 0.000000 1.000000 0.000000 1.802011 0.000000 -75.468254 1.000000 
75 1.000000 0.000000 0.000000 0.000000 0.000000 1.000000 0.000000 0.000000 0.000000 0.000000 1.000000 0.000000 -89.168083 0.000000 -51.799946 1.000000 
76 1.000000 0.000000 0.000000 0.000000 0.000000 1.000000 0.000000 0.000000 0.000000 0.000000 1.000000 0.000000 119.592667 0.000000 32.457558 1.000000 
77 1.000000 0.000000 0.000000 0.000000 0.000000 1.000000 0.000000 0.000000 0.000000 0.000000 1.000000 0.000000 55.606968 0.000000 78.943047 1.000000 
78 1.000000 0.000000 0.000000 0.000000 0.000000 1.000000 0.000000 0.000000 0.000000 0.000000 1.000000 0.000000 5.046760 0.000000 75.453720 1.000000 
79 1.000000 0.000000 0.000000 0.000000 0.000000 1.000000 0.000000 0.000000 0.000000 0.000000 1.000000 0.000000 -89.121231 0.000000 51.801723 1.000000 
80 1.000000 0.000000 0.000000 0.000000 0.000000 1.000000 0.000000 0.000000 0.000000 0.000000 1.000000 0.000000 132.160492 0.000000 -32.441174 1.000000 
81 1.000000 0.000000 0.000000 0.000000 0.000000 1.000000 0.000000 0.000000 0.000000 0.000000 1.000000 0.000000 68.761414 0.000000 -79.050568 1.000000 
82 1.000000 0.000000 0.000000 0.000000 0.000000 1.000000 0.000000 0.000000 0.000000 0.000000 1.000000 0.000000 13.905589 0.000000 -75.478256 1.000000 
83 1.000000 0.000000 0.000000 0.000000 0.000000 1.000000 0.000000 0.000000 0.000000 0.000000 1.000000 0.000000 -58.008385 0.000000 -51.798386 1.000000 
84 1.000000 0.000000 0.000000 0.000000 0.000000 1.000000 0.000000 0.000000 0.000000 0.000000 1.000000 0.000000 139.501648 0.000000 32.435669 1.000000 
85 1.000000 0.000000 0.000000 0.000000 0.000000 1.000000 0.000000 0.000000 0.000000 0.000000 1.000000 0.000000 59.696896 0.000000 78.963730 1.000000 
86 1.000000 0.000000 0.000000 0.000000 0.000000 1.000000 0.000000 0.000000 0.000000 0.000000 1.000000 0.000000 16.943512 0.000000 75.447723 1.000000 
87 1.000000 0.000000 0.000000 0.000000 0.000000 1.000000 0.000000 0.000000 0.000000 0.000000 1.000000 0.000000 -58.530979 0.000000 51.800949 1.000000 
10 0.888378 0.415982 -0.194279 0.000000 -0.452773 0.723722 -0.520790 0.000000 -0.076035 0.550623 0.831284 0.000000 -80.322906 78.775833 -24.626040 1.000000 
11 1.370630 -0.119998 0.202668 0.000000 0.211689 1.152256 -0.749398 0.000000 -0.103255 0.769421 1.153877 0.000000 -90.513802 72.820297 -19.843723 1.000000 
21 0.921016 0.380842 -0.081783 0.000000 -0.382639 0.845266 -0.372979 0.000000 -0.072918 0.374813 0.924228 0.000000 -33.983368 80.191757 -14.494911 1.000000 
23 0.921016 0.380842 -0.081783 0.000000 -0.382639 0.845266 -0.372979 0.000000 -0.072918 0.374813 0.924228 0.000000 -19.470392 56.514210 -3.747661 1.000000 
24 0.921016 0.380842 -0.081783 0.000000 -0.382639 0.845266 -0.372979 0.000000 -0.072918 0.374813 0.924228 0.000000 -19.470390 56.514214 -3.747661 1.000000 
25 0.921016 0.380842 -0.081783 0.000000 -0.382639 0.845266 -0.372979 0.000000 -0.072918 0.374813 0.924228 0.000000 -19.470390 56.514214 -3.747661 1.000000 
26 0.921016 0.380842 -0.081783 0.000000 -0.382639 0.845266 -0.372979 0.000000 -0.072918 0.374813 0.924228 0.000000 -19.470390 56.514214 -3.747661 1.000000 
14 0.921016 0.380842 -0.081783 0.000000 -0.382639 0.845266 -0.372979 0.000000 -0.072918 0.374813 0.924228 0.000000 -4.874198 67.405029 -7.012756 1.000000 
15 0.921016 0.380842 -0.081783 0.000000 -0.382639 0.845266 -0.372979 0.000000 -0.072918 0.374813 0.924228 0.000000 1.976400 63.275665 -4.797647 1.000000 
16 0.921016 0.380842 -0.081783 0.000000 -0.382639 0.845266 -0.372979 0.000000 -0.072918 0.374813 0.924228 0.000000 -1.517193 65.479881 -9.202932 1.000000 
17 0.921016 0.380842 -0.081783 0.000000 -0.382639 0.845266 -0.372979 0.000000 -0.072918 0.374813 0.924228 0.000000 -2.102018 67.758064 -3.698268 1.000000 
18 0.921016 0.380842 -0.081783 0.000000 -0.382639 0.845266 -0.372979 0.000000 -0.072918 0.374813 0.924228 0.000000 -7.127260 60.664604 -4.457414 1.000000 
19 0.921016 0.380842 -0.081783 0.000000 -0.382639 0.845266 -0.372979 0.000000 -0.072918 0.374813 0.924228 0.000000 -7.127260 60.664604 -4.457414 1.000000 
