[FRAME_COUNT]
10
[DURATION]
0.416667
[BONE_COUNT]
87
[KEY]
1 1.000000 0.000000 0.000000 0.000000 0.000000 1.000000 0.000000 0.000000 0.000000 0.000000 1.000000 0.000000 -10.226984 0.232216 0.001319 1.000000 
2 1.000000 0.000000 0.000000 0.000000 0.000000 1.000000 0.000000 0.000000 0.000000 0.000000 1.000000 0.000000 -10.226984 0.232216 0.001319 1.000000 
3 1.000000 0.000000 0.000000 0.000000 0.000000 1.000000 0.000000 0.000000 0.000000 0.000000 1.000000 0.000000 11.098431 18.954062 2.718880 1.000000 
6 1.000000 0.000000 0.000000 0.000000 0.000000 1.000000 0.000000 0.000000 0.000000 0.000000 1.000000 0.000000 11.098417 18.954113 -2.730513 1.000000 
9 0.999151 0.041191 0.000000 0.000000 -0.041191 0.999151 0.000000 0.000000 0.000000 0.000000 1.000000 0.000000 -15.326487 19.633852 0.000921 1.000000 
12 1.000000 0.000000 0.000000 0.000000 0.000000 1.000000 0.000000 0.000000 0.000000 0.000000 1.000000 0.000000 -15.326487 19.633852 0.000921 1.000000 
27 1.000000 0.000000 0.000000 0.000000 0.000000 1.000000 0.000000 0.000000 0.000000 0.000000 1.000000 0.000000 -3.151001 15.872094 -8.168830 1.000000 
32 1.000000 0.000000 0.000000 0.000000 0.000000 1.000000 0.000000 0.000000 0.000000 0.000000 1.000000 0.000000 1.292232 19.633837 -5.426734 1.000000 
37 1.000000 0.000000 0.000000 0.000000 0.000000 1.000000 0.000000 0.000000 0.000000 0.000000 1.000000 0.000000 -8.678464 16.470507 -8.986213 1.000000 
42 1.000000 0.000000 0.000000 0.000000 0.000000 1.000000 0.000000 0.000000 0.000000 0.000000 1.000000 0.000000 -12.529337 17.170685 -7.037132 1.000000 
47 1.000000 0.000000 0.000000 0.000000 0.000000 1.000000 0.000000 0.000000 0.000000 0.000000 1.000000 0.000000 -3.150999 15.872065 8.171465 1.000000 
52 1.000000 0.000000 0.000000 0.000000 0.000000 1.000000 0.000000 0.000000 0.000000 0.000000 1.000000 0.000000 1.292188 19.633850 5.429370 1.000000 
57 1.000000 0.000000 0.000000 0.000000 0.000000 1.000000 0.000000 0.000000 0.000000 0.000000 1.000000 0.000000 -8.678467 16.470554 8.988850 1.000000 
62 1.000000 0.000000 0.000000 0.000000 0.000000 1.000000 0.000000 0.000000 0.000000 0.000000 1.000000 0.000000 -12.529338 17.170660 7.039771 1.000000 
13 1.000000 0.000000 0.000000 0.000000 0.000000 1.000000 0.000000 0.000000 0.000000 0.000000 1.000000 0.000000 2.779930 19.255835 0.000931 1.000000 
28 0.990653 -0.048150 0.127627 0.000000 0.058925 0.994886 -0.082039 0.000000 -0.123024 0.088793 0.988423 0.000000 -1.454664 17.760006 -11.738103 1.000000 
33 0.695335 0.694982 -0.183056 0.000000 -0.601468 0.702149 0.381081 0.000000 0.393377 -0.154877 0.906238 0.000000 3.883216 20.939516 -7.296888 1.000000 
38 0.957430 -0.031271 -0.286967 0.000000 -0.016103 0.986781 -0.161257 0.000000 0.288217 0.159013 0.944270 0.000000 -8.849779 17.904613 -14.632987 1.000000 
43 0.935105 -0.233703 0.266385 0.000000 0.127979 0.923696 0.361120 0.000000 -0.330453 -0.303593 0.893662 0.000000 -14.630817 17.060434 -12.770145 1.000000 
48 0.780674 -0.015791 0.624739 0.000000 0.240204 0.930469 -0.276641 0.000000 -0.576932 0.366031 0.730186 0.000000 -1.454666 17.760031 11.740780 1.000000 
53 0.974716 -0.213445 -0.066112 0.000000 0.216537 0.975295 0.043717 0.000000 0.055147 -0.056927 0.996854 0.000000 3.883228 20.939552 7.299524 1.000000 
58 0.789193 0.305746 -0.532628 0.000000 -0.263970 0.951943 0.155324 0.000000 0.554521 0.018017 0.831974 0.000000 -8.849784 17.904585 14.635589 1.000000 
63 0.940378 0.103994 0.323843 0.000000 -0.220896 0.910722 0.348985 0.000000 -0.258639 -0.399714 0.879395 0.000000 -14.630815 17.060415 12.772816 1.000000 
4 0.941396 0.333496 0.050533 0.000000 -0.334669 0.942189 0.016624 0.000000 -0.042068 -0.032562 0.998584 0.000000 14.456429 12.870164 6.270426 1.000000 
7 0.870353 -0.492144 0.016732 0.000000 0.492162 0.870497 0.003330 0.000000 -0.016204 0.005337 0.999854 0.000000 14.456430 12.870213 -6.270925 1.000000 
29 0.991203 -0.045636 0.124231 0.000000 0.042084 0.998631 0.031065 0.000000 -0.125479 -0.025564 0.991767 0.000000 13.932341 50.499706 -32.747227 1.000000 
34 0.959628 0.167896 -0.225666 0.000000 -0.138372 0.980302 0.140929 0.000000 0.244882 -0.104014 0.963957 0.000000 4.056796 63.092781 -13.122731 1.000000 
39 0.963280 -0.055407 -0.262718 0.000000 0.047948 0.998246 -0.034722 0.000000 0.264182 0.020850 0.964248 0.000000 -16.033957 42.441425 -35.265221 1.000000 
44 0.961342 -0.049111 0.270942 0.000000 -0.010775 0.976504 0.215232 0.000000 -0.275146 -0.209830 0.938225 0.000000 -8.927552 68.252174 -11.231371 1.000000 
49 0.766095 -0.139929 0.627311 0.000000 0.250168 0.963965 -0.090490 0.000000 -0.592043 0.226256 0.773494 0.000000 4.181704 57.571114 23.287930 1.000000 
54 0.998765 0.029489 -0.039989 0.000000 -0.030233 0.999378 -0.018138 0.000000 0.039429 0.019324 0.999035 0.000000 40.148525 40.364227 18.179424 1.000000 
59 0.789090 0.299208 -0.536481 0.000000 -0.284600 0.952038 0.112365 0.000000 0.544371 0.064016 0.836398 0.000000 -7.723163 44.021507 34.535240 1.000000 
64 0.971747 -0.109777 0.208942 0.000000 0.085763 0.988973 0.120734 0.000000 -0.219892 -0.099403 0.970446 0.000000 -35.361797 54.232452 41.823872 1.000000 
5 0.984897 0.172674 0.012686 0.000000 -0.172877 0.984794 0.017155 0.000000 -0.009530 -0.019089 0.999772 0.000000 16.507811 9.046733 6.414278 1.000000 
8 0.975831 -0.218199 -0.011930 0.000000 0.217982 0.975800 -0.017252 0.000000 0.015405 0.014234 0.999780 0.000000 12.938087 8.784609 -6.455148 1.000000 
30 0.993568 -0.021695 0.111142 0.000000 0.013163 0.996949 0.076932 0.000000 -0.112472 -0.074974 0.990822 0.000000 30.817825 48.716145 -52.354088 1.000000 
35 0.938018 -0.337661 -0.078148 0.000000 0.333653 0.940782 -0.060043 0.000000 0.093794 0.030247 0.995132 0.000000 38.156521 60.135754 -32.534985 1.000000 
40 0.965707 -0.070509 -0.249878 0.000000 0.082464 0.995881 0.037689 0.000000 0.246191 -0.057003 0.967544 0.000000 -26.089115 38.806042 -53.705906 1.000000 
45 0.963818 0.123729 0.236107 0.000000 -0.143952 0.987080 0.070363 0.000000 -0.224351 -0.101806 0.969176 0.000000 -23.264513 64.592651 -32.549709 1.000000 
50 0.758994 -0.275604 0.589890 0.000000 0.259829 0.958936 0.113713 0.000000 -0.597006 0.066963 0.799437 0.000000 2.039962 58.808281 49.106754 1.000000 
55 0.992504 0.121901 -0.008691 0.000000 -0.122178 0.991367 -0.047592 0.000000 0.002814 0.048297 0.998829 0.000000 77.420059 31.291410 26.948292 1.000000 
60 0.788345 0.294858 -0.539973 0.000000 -0.295720 0.951241 0.087694 0.000000 0.539502 0.090547 0.837101 0.000000 0.770362 40.642109 53.791946 1.000000 
65 0.966380 -0.198722 0.163153 0.000000 0.197882 0.979989 0.021552 0.000000 -0.164171 0.011458 0.986365 0.000000 -58.241993 46.920895 51.644947 1.000000 
31 0.994386 -0.000817 0.105811 0.000000 -0.009848 0.994915 0.100232 0.000000 -0.105355 -0.100712 0.989322 0.000000 48.068913 33.557774 -65.907211 1.000000 
36 0.837397 -0.544239 0.050704 0.000000 0.545424 0.825930 -0.142664 0.000000 0.035766 0.147121 0.988472 0.000000 55.923237 33.439941 -36.396080 1.000000 
41 0.966249 -0.080683 -0.244649 0.000000 0.102155 0.991833 0.076367 0.000000 0.236489 -0.098781 0.966600 0.000000 -35.675823 24.668026 -65.864410 1.000000 
46 0.957136 0.219309 0.189192 0.000000 -0.221946 0.975031 -0.007401 0.000000 -0.186091 -0.034907 0.981912 0.000000 -37.864983 37.974197 -45.379665 1.000000 
51 0.753088 -0.365447 0.547090 0.000000 0.263364 0.929463 0.258336 0.000000 -0.602908 -0.050466 0.796213 0.000000 1.520176 40.088242 68.089729 1.000000 
56 0.995362 0.095461 0.011914 0.000000 -0.094613 0.993803 -0.058336 0.000000 -0.017409 0.056939 0.998226 0.000000 105.531303 15.811082 30.604492 1.000000 
61 0.788259 0.291591 -0.541870 0.000000 -0.300856 0.950795 0.073987 0.000000 0.536781 0.104703 0.837199 0.000000 8.371022 25.726831 66.416687 1.000000 
66 0.972644 -0.188547 0.135696 0.000000 0.191686 0.981402 -0.010335 0.000000 -0.131224 0.036063 0.990697 0.000000 -83.971931 26.473860 54.137890 1.000000 
67 1.000000 0.000000 0.000000 0.000000 0.000000 1.000000 0.000000 0.000000 0.000000 0.000000 1.000000 0.000000 0.000000 83.070496 0.000000 1.000000 
68 1.000000 0.000000 0.000000 0.000000 0.000000 1.000000 0.000000 0.000000 0.000000 0.000000 1.000000 0.000000 -10.226984 0.232216 0.001319 1.000000 
69 1.000000 0.000000 0.000000 0.000000 0.000000 1.000000 0.000000 0.000000 0.000000 0.000000 1.000000 0.000000 -10.226978 70.730209 0.001320 1.000000 
70 1.000000 0.000000 0.000000 0.000000 0.000000 1.000000 0.000000 0.000000 0.000000 0.000000 1.000000 0.000000 -10.226987 0.232216 0.001319 1.000000 
71 1.000000 0.000000 0.000000 0.000000 0.000000 1.000000 0.000000 0.000000 0.000000 0.000000 1.000000 0.000000 -10.226987 0.232216 0.001319 1.000000 
72 1.000000 0.000000 0.000000 0.000000 0.000000 1.000000 0.000000 0.000000 0.000000 0.000000 1.000000 0.000000 115.125870 0.000000 -32.474308 1.000000 
73 1.000000 0.000000 0.000000 0.000000 0.000000 1.000000 0.000000 0.000000 0.000000 0.000000 1.000000 0.000000 62.749397 0.000000 -78.997215 1.000000 
74 1.000000 0.000000 0.000000 0.000000 0.000000 1.000000 0.000000 0.000000 0.000000 0.000000 1.000000 0.000000 1.802011 0.000000 -75.468254 1.000000 
75 1.000000 0.000000 0.000000 0.000000 0.000000 1.000000 0.000000 0.000000 0.000000 0.000000 1.000000 0.000000 -89.168083 0.000000 -51.799946 1.000000 
76 1.000000 0.000000 0.000000 0.000000 0.000000 1.000000 0.000000 0.000000 0.000000 0.000000 1.000000 0.000000 119.592667 0.000000 32.457558 1.000000 
77 1.000000 0.000000 0.000000 0.000000 0.000000 1.000000 0.000000 0.000000 0.000000 0.000000 1.000000 0.000000 55.606968 0.000000 78.943047 1.000000 
78 1.000000 0.000000 0.000000 0.000000 0.000000 1.000000 0.000000 0.000000 0.000000 0.000000 1.000000 0.000000 5.046760 0.000000 75.453720 1.000000 
79 1.000000 0.000000 0.000000 0.000000 0.000000 1.000000 0.000000 0.000000 0.000000 0.000000 1.000000 0.000000 -89.121231 0.000000 51.801723 1.000000 
80 1.000000 0.000000 0.000000 0.000000 0.000000 1.000000 0.000000 0.000000 0.000000 0.000000 1.000000 0.000000 132.160492 0.000000 -32.441174 1.000000 
81 1.000000 0.000000 0.000000 0.000000 0.000000 1.000000 0.000000 0.000000 0.000000 0.000000 1.000000 0.000000 68.761414 0.000000 -79.050568 1.000000 
82 1.000000 0.000000 0.000000 0.000000 0.000000 1.000000 0.000000 0.000000 0.000000 0.000000 1.000000 0.000000 13.905589 0.000000 -75.478256 1.000000 
83 1.000000 0.000000 0.000000 0.000000 0.000000 1.000000 0.000000 0.000000 0.000000 0.000000 1.000000 0.000000 -58.008385 0.000000 -51.798386 1.000000 
84 1.000000 0.000000 0.000000 0.000000 0.000000 1.000000 0.000000 0.000000 0.000000 0.000000 1.000000 0.000000 139.501648 0.000000 32.435669 1.000000 
85 1.000000 0.000000 0.000000 0.000000 0.000000 1.000000 0.000000 0.000000 0.000000 0.000000 1.000000 0.000000 59.696896 0.000000 78.963730 1.000000 
86 1.000000 0.000000 0.000000 0.000000 0.000000 1.000000 0.000000 0.000000 0.000000 0.000000 1.000000 0.000000 16.943512 0.000000 75.447723 1.000000 
87 1.000000 0.000000 0.000000 0.000000 0.000000 1.000000 0.000000 0.000000 0.000000 0.000000 1.000000 0.000000 -58.530979 0.000000 51.800949 1.000000 
10 0.999151 0.041191 0.000000 0.000000 -0.041191 0.999151 0.000000 0.000000 0.000000 0.000000 1.000000 0.000000 -53.178886 72.712875 0.001232 1.000000 
11 1.160876 -0.765810 -0.001816 0.000000 0.765802 1.160875 -0.004600 0.000000 0.004048 0.002840 1.390711 0.000000 -65.538101 70.014923 1.472308 1.000000 
21 1.000000 0.000000 0.000000 0.000000 0.000000 1.000000 0.000000 0.000000 0.000000 0.000000 1.000000 0.000000 -13.697318 49.781429 0.001319 1.000000 
23 1.000000 0.000000 0.000000 0.000000 0.000000 1.000000 0.000000 0.000000 0.000000 0.000000 1.000000 0.000000 -10.226986 20.205885 0.001319 1.000000 
24 1.000000 0.000000 0.000000 0.000000 0.000000 1.000000 0.000000 0.000000 0.000000 0.000000 1.000000 0.000000 -10.226984 20.205885 0.001319 1.000000 
25 1.000000 0.000000 0.000000 0.000000 0.000000 1.000000 0.000000 0.000000 0.000000 0.000000 1.000000 0.000000 -10.226984 20.205885 0.001319 1.000000 
26 1.000000 0.000000 0.000000 0.000000 0.000000 1.000000 0.000000 0.000000 0.000000 0.000000 1.000000 0.000000 -10.226984 20.205885 0.001319 1.000000 
14 1.000000 0.000000 0.000000 0.000000 0.000000 1.000000 0.000000 0.000000 0.000000 0.000000 1.000000 0.000000 7.631057 25.044264 0.001322 1.000000 
15 1.000000 0.000000 0.000000 0.000000 0.000000 1.000000 0.000000 0.000000 0.000000 0.000000 1.000000 0.000000 12.186775 18.106363 0.001319 1.000000 
16 1.000000 0.000000 0.000000 0.000000 0.000000 1.000000 0.000000 0.000000 0.000000 0.000000 1.000000 0.000000 10.168854 22.949373 -2.989258 1.000000 
17 1.000000 0.000000 0.000000 0.000000 0.000000 1.000000 0.000000 0.000000 0.000000 0.000000 1.000000 0.000000 10.047662 23.045694 2.994847 1.000000 
18 1.000000 0.000000 0.000000 0.000000 0.000000 1.000000 0.000000 0.000000 0.000000 0.000000 1.000000 0.000000 2.779929 19.255835 0.000931 1.000000 
19 1.000000 0.000000 0.000000 0.000000 0.000000 1.000000 0.000000 0.000000 0.000000 0.000000 1.000000 0.000000 2.779929 19.255835 0.000931 1.000000 
20 1.000000 0.000000 0.000000 0.000000 0.000000 1.000000 0.000000 0.000000 0.000000 0.000000 1.000000 0.000000 2.779932 19.255835 0.000932 1.000000 
22 1.000000 0.000000 0.000000 0.000000 0.000000 1.000000 0.000000 0.000000 0.000000 0.000000 1.000000 0.000000 -13.697319 49.282085 0.001319 1.000000 
[KEY]
1 1.000000 0.000000 0.000000 0.000000 0.000000 1.000000 0.000000 0.000000 0.000000 0.000000 1.000000 0.000000 -10.226984 0.232216 0.001319 1.000000 
2 1.000000 0.000000 0.000000 0.000000 0.000000 1.000000 0.000000 0.000000 0.000000 0.000000 1.000000 0.000000 -9.319042 -0.246219 0.001319 1.000000 
3 1.000000 0.000000 0.000000 0.000000 0.000000 1.000000 0.000000 0.000000 0.000000 0.000000 1.000000 0.000000 12.006372 18.475626 2.718880 1.000000 
6 1.000000 0.000000 0.000000 0.000000 0.000000 1.000000 0.000000 0.000000 0.000000 0.000000 1.000000 0.000000 12.006359 18.475677 -2.730513 1.000000 
9 0.999993 0.003812 0.000000 0.000000 -0.003812 0.999993 0.000000 0.000000 0.000000 0.000000 1.000000 0.000000 -14.418545 19.155416 0.000921 1.000000 
12 1.000000 0.000000 0.000000 0.000000 0.000000 1.000000 0.000000 0.000000 0.000000 0.000000 1.000000 0.000000 -14.418545 19.155416 0.000921 1.000000 
27 1.000000 0.000000 0.000000 0.000000 0.000000 1.000000 0.000000 0.000000 0.000000 0.000000 1.000000 0.000000 -2.243059 15.393658 -8.168830 1.000000 
32 1.000000 0.000000 0.000000 0.000000 0.000000 1.000000 0.000000 0.000000 0.000000 0.000000 1.000000 0.000000 2.200174 19.155401 -5.426734 1.000000 
37 1.000000 0.000000 0.000000 0.000000 0.000000 1.000000 0.000000 0.000000 0.000000 0.000000 1.000000 0.000000 -7.770522 15.992071 -8.986213 1.000000 
42 1.000000 0.000000 0.000000 0.000000 0.000000 1.000000 0.000000 0.000000 0.000000 0.000000 1.000000 0.000000 -11.621394 16.692249 -7.037132 1.000000 
47 1.000000 0.000000 0.000000 0.000000 0.000000 1.000000 0.000000 0.000000 0.000000 0.000000 1.000000 0.000000 -2.243057 15.393628 8.171465 1.000000 
52 1.000000 0.000000 0.000000 0.000000 0.000000 1.000000 0.000000 0.000000 0.000000 0.000000 1.000000 0.000000 2.200130 19.155415 5.429370 1.000000 
57 1.000000 0.000000 0.000000 0.000000 0.000000 1.000000 0.000000 0.000000 0.000000 0.000000 1.000000 0.000000 -7.770525 15.992119 8.988850 1.000000 
62 1.000000 0.000000 0.000000 0.000000 0.000000 1.000000 0.000000 0.000000 0.000000 0.000000 1.000000 0.000000 -11.621396 16.692225 7.039771 1.000000 
13 1.000000 0.000000 0.000000 0.000000 0.000000 1.000000 0.000000 0.000000 0.000000 0.000000 1.000000 0.000000 3.687872 18.777399 0.000931 1.000000 
28 0.999314 0.006561 -0.036451 0.000000 -0.005238 0.999328 0.036274 0.000000 0.036665 -0.036058 0.998677 0.000000 -0.546722 17.281570 -11.738103 1.000000 
33 0.531661 0.838241 -0.121195 0.000000 -0.735651 0.527948 0.424368 0.000000 0.419708 -0.136462 0.897342 0.000000 4.791158 20.461081 -7.296888 1.000000 
38 0.967908 -0.057846 -0.244556 0.000000 0.054348 0.998300 -0.021033 0.000000 0.245357 0.007067 0.969407 0.000000 -7.941837 17.426178 -14.632987 1.000000 
43 0.979242 -0.137481 0.148945 0.000000 0.106240 0.973920 0.200482 0.000000 -0.172623 -0.180497 0.968309 0.000000 -13.722876 16.581999 -12.770145 1.000000 
48 0.789762 0.077318 0.608521 0.000000 0.214897 0.894282 -0.392529 0.000000 -0.574538 0.440774 0.689655 0.000000 -0.546724 17.281595 11.740780 1.000000 
53 0.998041 0.059532 0.019248 0.000000 -0.059212 0.998105 -0.016757 0.000000 -0.020209 0.015584 0.999674 0.000000 4.791170 20.461115 7.299524 1.000000 
58 0.891596 0.227155 -0.391737 0.000000 -0.237130 0.971195 0.023454 0.000000 0.385781 0.071981 0.919778 0.000000 -7.941842 17.426149 14.635589 1.000000 
63 0.952139 0.065864 0.298483 0.000000 -0.154879 0.945828 0.285343 0.000000 -0.263520 -0.317916 0.910762 0.000000 -13.722872 16.581980 12.772816 1.000000 
4 0.997572 0.067144 -0.018474 0.000000 -0.067001 0.997719 0.008240 0.000000 0.018985 -0.006983 0.999795 0.000000 15.364371 12.391728 6.270426 1.000000 
7 0.993625 -0.111152 -0.018823 0.000000 0.111196 0.993798 0.001270 0.000000 0.018565 -0.003355 0.999822 0.000000 15.364372 12.391776 -6.270925 1.000000 
29 0.999393 -0.007884 -0.033935 0.000000 0.008529 0.999785 0.018916 0.000000 0.033779 -0.019194 0.999245 0.000000 9.522582 53.244724 -30.587292 1.000000 
34 0.903540 0.379219 -0.199521 0.000000 -0.338520 0.917175 0.210224 0.000000 0.262717 -0.122403 0.957078 0.000000 -3.993268 62.014088 -9.952017 1.000000 
39 0.970159 -0.076041 -0.230240 0.000000 0.093336 0.993500 0.065166 0.000000 0.223788 -0.084711 0.970950 0.000000 -12.439203 45.009445 -31.904167 1.000000 
44 0.990102 -0.027869 0.137558 0.000000 0.010698 0.992222 0.124021 0.000000 -0.139945 -0.121321 0.982699 0.000000 -11.883405 67.638794 -19.501333 1.000000 
49 0.777541 -0.052019 0.626677 0.000000 0.227215 0.952484 -0.202851 0.000000 -0.586347 0.300115 0.752415 0.000000 4.345906 58.317974 18.229656 1.000000 
54 0.999815 0.015184 0.011838 0.000000 -0.015117 0.999870 -0.005679 0.000000 -0.011922 0.005499 0.999914 0.000000 33.362255 49.680290 19.165243 1.000000 
59 0.891402 0.229467 -0.390830 0.000000 -0.235729 0.971271 0.032610 0.000000 0.387084 0.063061 0.919885 0.000000 -9.228067 45.163593 32.195171 1.000000 
64 0.968906 -0.137298 0.205840 0.000000 0.125681 0.989699 0.068553 0.000000 -0.213132 -0.040552 0.976182 0.000000 -31.398844 57.009350 39.393967 1.000000 
5 0.999408 0.018522 -0.028999 0.000000 -0.018349 0.999812 0.006198 0.000000 0.029108 -0.005662 0.999560 0.000000 16.316750 8.158238 6.404660 1.000000 
8 0.997831 -0.061687 -0.022990 0.000000 0.061698 0.998095 -0.000252 0.000000 0.022961 -0.001167 0.999736 0.000000 15.564130 8.038426 -6.470671 1.000000 
30 0.999121 -0.027558 -0.031575 0.000000 0.027816 0.999583 0.007750 0.000000 0.031349 -0.008622 0.999471 0.000000 23.155212 51.865135 -52.609505 1.000000 
35 0.987103 -0.133687 -0.088060 0.000000 0.135261 0.990736 0.012128 0.000000 0.085623 -0.023883 0.996041 0.000000 29.946028 67.631485 -29.055412 1.000000 
40 0.971172 -0.086848 -0.221994 0.000000 0.114671 0.986647 0.115666 0.000000 0.208985 -0.137788 0.968163 0.000000 -21.855185 43.651718 -50.979725 1.000000 
45 0.991344 0.070528 0.110742 0.000000 -0.076613 0.995720 0.051689 0.000000 -0.106623 -0.059726 0.992504 0.000000 -29.016697 62.088570 -38.184410 1.000000 
50 0.772807 -0.196409 0.603483 0.000000 0.240371 0.970647 0.008093 0.000000 -0.587359 0.138806 0.797334 0.000000 2.529920 62.428131 43.774483 1.000000 
55 0.999446 -0.033272 -0.000569 0.000000 0.033274 0.999441 0.003181 0.000000 0.000462 -0.003198 0.999995 0.000000 69.999397 39.939701 29.711180 1.000000 
60 0.891105 0.232414 -0.389764 0.000000 -0.235164 0.971074 0.041398 0.000000 0.388111 0.054769 0.919984 0.000000 -4.605386 42.021435 52.765507 1.000000 
65 0.961142 -0.218524 0.168681 0.000000 0.225064 0.974130 -0.020434 0.000000 -0.159852 0.057604 0.985459 0.000000 -54.440269 51.125080 49.780685 1.000000 
31 0.998923 -0.036736 -0.028358 0.000000 0.036690 0.999324 -0.002134 0.000000 0.028417 0.001091 0.999596 0.000000 38.214649 35.626873 -67.461960 1.000000 
36 0.931925 -0.361967 0.022274 0.000000 0.362596 0.928948 -0.074697 0.000000 0.006347 0.077689 0.996957 0.000000 52.773003 45.449802 -34.544769 1.000000 
41 0.971251 -0.089084 -0.220763 0.000000 0.118742 0.985036 0.124917 0.000000 0.206332 -0.147540 0.967295 0.000000 -31.468603 30.816496 -64.487389 1.000000 
46 0.988567 0.125587 0.083452 0.000000 -0.127074 0.991812 0.012734 0.000000 -0.081170 -0.023193 0.996430 0.000000 -46.626339 36.067123 -48.139736 1.000000 
51 0.768111 -0.293789 0.568941 0.000000 0.246719 0.955717 0.160423 0.000000 -0.590877 0.017146 0.806579 0.000000 2.677854 45.808208 64.626816 1.000000 
56 0.998786 -0.048699 -0.007429 0.000000 0.048756 0.998781 0.007727 0.000000 0.007044 -0.008080 0.999943 0.000000 95.337364 20.121033 32.619476 1.000000 
61 0.891055 0.232376 -0.389901 0.000000 -0.235478 0.971032 0.040576 0.000000 0.388035 0.055657 0.919962 0.000000 -0.485936 26.651791 66.419212 1.000000 
66 0.965031 -0.213301 0.152371 0.000000 0.221555 0.974359 -0.039217 0.000000 -0.140099 0.071604 0.987545 0.000000 -80.717117 31.526419 53.207870 1.000000 
67 1.000000 0.000000 0.000000 0.000000 0.000000 1.000000 0.000000 0.000000 0.000000 0.000000 1.000000 0.000000 0.000000 83.070496 0.000000 1.000000 
68 1.000000 0.000000 0.000000 0.000000 0.000000 1.000000 0.000000 0.000000 0.000000 0.000000 1.000000 0.000000 -10.226984 0.232216 0.001319 1.000000 
69 1.000000 0.000000 0.000000 0.000000 0.000000 1.000000 0.000000 0.000000 0.000000 0.000000 1.000000 0.000000 -10.226978 70.730209 0.001320 1.000000 
70 1.000000 0.000000 0.000000 0.000000 0.000000 1.000000 0.000000 0.000000 0.000000 0.000000 1.000000 0.000000 -10.226987 0.232216 0.001319 1.000000 
71 1.000000 0.000000 0.000000 0.000000 0.000000 1.000000 0.000000 0.000000 0.000000 0.000000 1.000000 0.000000 -10.226987 0.232216 0.001319 1.000000 
72 1.000000 0.000000 0.000000 0.000000 0.000000 1.000000 0.000000 0.000000 0.000000 0.000000 1.000000 0.000000 115.125870 0.000000 -32.474308 1.000000 
73 1.000000 0.000000 0.000000 0.000000 0.000000 1.000000 0.000000 0.000000 0.000000 0.000000 1.000000 0.000000 62.749397 0.000000 -78.997215 1.000000 
74 1.000000 0.000000 0.000000 0.000000 0.000000 1.000000 0.000000 0.000000 0.000000 0.000000 1.000000 0.000000 1.802011 0.000000 -75.468254 1.000000 
75 1.000000 0.000000 0.000000 0.000000 0.000000 1.000000 0.000000 0.000000 0.000000 0.000000 1.000000 0.000000 -89.168083 0.000000 -51.799946 1.000000 
76 1.000000 0.000000 0.000000 0.000000 0.000000 1.000000 0.000000 0.000000 0.000000 0.000000 1.000000 0.000000 119.592667 0.000000 32.457558 1.000000 
77 1.000000 0.000000 0.000000 0.000000 0.000000 1.000000 0.000000 0.000000 0.000000 0.000000 1.000000 0.000000 55.606968 0.000000 78.943047 1.000000 
78 1.000000 0.000000 0.000000 0.000000 0.000000 1.000000 0.000000 0.000000 0.000000 0.000000 1.000000 0.000000 5.046760 0.000000 75.453720 1.000000 
79 1.000000 0.000000 0.000000 0.000000 0.000000 1.000000 0.000000 0.000000 0.000000 0.000000 1.000000 0.000000 -89.121231 0.000000 51.801723 1.000000 
80 1.000000 0.000000 0.000000 0.000000 0.000000 1.000000 0.000000 0.000000 0.000000 0.000000 1.000000 0.000000 132.160492 0.000000 -32.441174 1.000000 
81 1.000000 0.000000 0.000000 0.000000 0.000000 1.000000 0.000000 0.000000 0.000000 0.000000 1.000000 0.000000 68.761414 0.000000 -79.050568 1.000000 
82 1.000000 0.000000 0.000000 0.000000 0.000000 1.000000 0.000000 0.000000 0.000000 0.000000 1.000000 0.000000 13.905589 0.000000 -75.478256 1.000000 
83 1.000000 0.000000 0.000000 0.000000 0.000000 1.000000 0.000000 0.000000 0.000000 0.000000 1.000000 0.000000 -58.008385 0.000000 -51.798386 1.000000 
84 1.000000 0.000000 0.000000 0.000000 0.000000 1.000000 0.000000 0.000000 0.000000 0.000000 1.000000 0.000000 139.501648 0.000000 32.435669 1.000000 
85 1.000000 0.000000 0.000000 0.000000 0.000000 1.000000 0.000000 0.000000 0.000000 0.000000 1.000000 0.000000 59.696896 0.000000 78.963730 1.000000 
86 1.000000 0.000000 0.000000 0.000000 0.000000 1.000000 0.000000 0.000000 0.000000 0.000000 1.000000 0.000000 16.943512 0.000000 75.447723 1.000000 
87 1.000000 0.000000 0.000000 0.000000 0.000000 1.000000 0.000000 0.000000 0.000000 0.000000 1.000000 0.000000 -58.530979 0.000000 51.800949 1.000000 
10 0.999993 0.003812 0.000000 0.000000 -0.003812 0.999993 0.000000 0.000000 0.000000 0.000000 1.000000 0.000000 -50.260258 73.612358 0.001232 1.000000 
11 1.131437 -0.808671 -0.001816 0.000000 0.808663 1.131436 -0.004600 0.000000 0.004152 0.002686 1.390711 0.000000 -62.711689 71.378311 1.472308 1.000000 
21 1.000000 0.000000 0.000000 0.000000 0.000000 1.000000 0.000000 0.000000 0.000000 0.000000 1.000000 0.000000 -12.789375 49.302994 0.001319 1.000000 
23 1.000000 0.000000 0.000000 0.000000 0.000000 1.000000 0.000000 0.000000 0.000000 0.000000 1.000000 0.000000 -9.319043 19.727449 0.001319 1.000000 
24 1.000000 0.000000 0.000000 0.000000 0.000000 1.000000 0.000000 0.000000 0.000000 0.000000 1.000000 0.000000 -9.319042 19.727449 0.001319 1.000000 
25 1.000000 0.000000 0.000000 0.000000 0.000000 1.000000 0.000000 0.000000 0.000000 0.000000 1.000000 0.000000 -9.319042 19.727449 0.001319 1.000000 
26 1.000000 0.000000 0.000000 0.000000 0.000000 1.000000 0.000000 0.000000 0.000000 0.000000 1.000000 0.000000 -9.319042 19.727449 0.001319 1.000000 
14 1.000000 0.000000 0.000000 0.000000 0.000000 1.000000 0.000000 0.000000 0.000000 0.000000 1.000000 0.000000 8.539000 24.565828 0.001322 1.000000 
15 1.000000 0.000000 0.000000 0.000000 0.000000 1.000000 0.000000 0.000000 0.000000 0.000000 1.000000 0.000000 13.094717 17.627928 0.001319 1.000000 
16 1.000000 0.000000 0.000000 0.000000 0.000000 1.000000 0.000000 0.000000 0.000000 0.000000 1.000000 0.000000 11.076797 22.470938 -2.989258 1.000000 
17 1.000000 0.000000 0.000000 0.000000 0.000000 1.000000 0.000000 0.000000 0.000000 0.000000 1.000000 0.000000 10.955604 22.567259 2.994847 1.000000 
18 1.000000 0.000000 0.000000 0.000000 0.000000 1.000000 0.000000 0.000000 0.000000 0.000000 1.000000 0.000000 3.687871 18.777399 0.000931 1.000000 
19 1.000000 0.000000 0.000000 0.000000 0.000000 1.000000 0.000000 0.000000 0.000000 0.000000 1.000000 0.000000 3.687871 18.777399 0.000931 1.000000 
20 1.000000 0.000000 0.000000 0.000000 0.000000 1.000000 0.000000 0.000000 0.000000 0.000000 1.000000 0.000000 3.687874 18.777399 0.000932 1.000000 
22 1.000000 0.000000 0.000000 0.000000 0.000000 1.000000 0.000000 0.000000 0.000000 0.000000 1.000000 0.000000 -12.789377 48.803650 0.001319 1.000000 
[KEY]
1 1.000000 0.000000 0.000000 0.000000 0.000000 1.000000 0.000000 0.000000 0.000000 0.000000 1.000000 0.000000 -10.226984 0.232216 0.001319 1.000000 
2 1.000000 0.000000 0.000000 0.000000 0.000000 1.000000 0.000000 0.000000 0.000000 0.000000 1.000000 0.000000 -8.172188 -0.850549 0.001319 1.000000 
3 1.000000 0.000000 0.000000 0.000000 0.000000 1.000000 0.000000 0.000000 0.000000 0.000000 1.000000 0.000000 13.153227 17.871298 2.718880 1.000000 
6 1.000000 0.000000 0.000000 0.000000 0.000000 1.000000 0.000000 0.000000 0.000000 0.000000 1.000000 0.000000 13.153214 17.871349 -2.730513 1.000000 
9 0.999755 0.022135 0.000000 0.000000 -0.022135 0.999755 0.000000 0.000000 0.000000 0.000000 1.000000 0.000000 -13.271690 18.551088 0.000921 1.000000 
12 1.000000 0.000000 0.000000 0.000000 0.000000 1.000000 0.000000 0.000000 0.000000 0.000000 1.000000 0.000000 -13.271690 18.551088 0.000921 1.000000 
27 1.000000 0.000000 0.000000 0.000000 0.000000 1.000000 0.000000 0.000000 0.000000 0.000000 1.000000 0.000000 -1.096205 14.789329 -8.168830 1.000000 
32 1.000000 0.000000 0.000000 0.000000 0.000000 1.000000 0.000000 0.000000 0.000000 0.000000 1.000000 0.000000 3.347028 18.551073 -5.426734 1.000000 
37 1.000000 0.000000 0.000000 0.000000 0.000000 1.000000 0.000000 0.000000 0.000000 0.000000 1.000000 0.000000 -6.623667 15.387742 -8.986213 1.000000 
42 1.000000 0.000000 0.000000 0.000000 0.000000 1.000000 0.000000 0.000000 0.000000 0.000000 1.000000 0.000000 -10.474540 16.087921 -7.037132 1.000000 
47 1.000000 0.000000 0.000000 0.000000 0.000000 1.000000 0.000000 0.000000 0.000000 0.000000 1.000000 0.000000 -1.096203 14.789299 8.171465 1.000000 
52 1.000000 0.000000 0.000000 0.000000 0.000000 1.000000 0.000000 0.000000 0.000000 0.000000 1.000000 0.000000 3.346984 18.551086 5.429370 1.000000 
57 1.000000 0.000000 0.000000 0.000000 0.000000 1.000000 0.000000 0.000000 0.000000 0.000000 1.000000 0.000000 -6.623670 15.387790 8.988850 1.000000 
62 1.000000 0.000000 0.000000 0.000000 0.000000 1.000000 0.000000 0.000000 0.000000 0.000000 1.000000 0.000000 -10.474542 16.087896 7.039771 1.000000 
13 1.000000 0.000000 0.000000 0.000000 0.000000 1.000000 0.000000 0.000000 0.000000 0.000000 1.000000 0.000000 4.834726 18.173069 0.000931 1.000000 
28 0.984845 0.038450 -0.169123 0.000000 -0.011655 0.987584 0.156658 0.000000 0.173047 -0.152313 0.973065 0.000000 0.600132 16.677240 -11.738103 1.000000 
33 0.573919 0.814471 -0.085164 0.000000 -0.762456 0.569400 0.307318 0.000000 0.298794 -0.111442 0.947788 0.000000 5.938013 19.856750 -7.296888 1.000000 
38 0.997433 -0.070701 0.011389 0.000000 0.064838 0.959106 0.275522 0.000000 -0.030403 -0.274076 0.961227 0.000000 -6.794983 16.821850 -14.632987 1.000000 
43 0.997016 -0.063173 0.044376 0.000000 0.062578 0.997932 0.014675 0.000000 -0.045211 -0.011854 0.998907 0.000000 -12.576021 15.977670 -12.770145 1.000000 
48 0.891169 0.208781 0.402774 0.000000 0.021904 0.866976 -0.497869 0.000000 -0.453141 0.452508 0.768049 0.000000 0.600131 16.677265 11.740780 1.000000 
53 0.959063 0.269437 0.087183 0.000000 -0.261585 0.960808 -0.091771 0.000000 -0.108493 0.065208 0.991956 0.000000 5.938024 19.856787 7.299524 1.000000 
58 0.967728 0.131898 -0.214724 0.000000 -0.145511 0.988152 -0.048809 0.000000 0.205742 0.078479 0.975454 0.000000 -6.794987 16.821819 14.635589 1.000000 
63 0.988827 -0.107483 0.103289 0.000000 0.099595 0.991909 0.078727 0.000000 -0.110915 -0.067561 0.991531 0.000000 -12.576017 15.977651 12.772816 1.000000 
4 0.941638 -0.320272 -0.103650 0.000000 0.318265 0.947325 -0.035801 0.000000 0.109657 0.000723 0.993969 0.000000 16.511225 11.787399 6.270426 1.000000 
7 0.950833 0.306270 -0.046003 0.000000 -0.306998 0.951663 -0.009524 0.000000 0.040863 0.023179 0.998896 0.000000 16.511227 11.787447 -6.270925 1.000000 
29 0.986209 -0.021159 -0.164148 0.000000 0.034595 0.996240 0.079426 0.000000 0.161850 -0.084010 0.983233 0.000000 7.590802 54.873528 -27.301054 1.000000 
34 0.861384 0.496360 -0.107913 0.000000 -0.474409 0.862057 0.178309 0.000000 0.181532 -0.102397 0.978039 0.000000 -0.869792 61.521992 -12.638244 1.000000 
39 0.997843 -0.064712 0.011016 0.000000 0.059760 0.964976 0.255442 0.000000 -0.027161 -0.254233 0.966762 0.000000 -6.185653 48.305897 -23.999950 1.000000 
44 0.998642 -0.036487 0.037187 0.000000 0.036473 0.999334 0.001049 0.000000 -0.037201 0.000309 0.999308 0.000000 -15.012907 65.031654 -28.366852 1.000000 
49 0.897349 0.092330 0.431554 0.000000 0.065255 0.939362 -0.336661 0.000000 -0.436470 0.330264 0.836911 0.000000 2.210749 58.428352 13.809666 1.000000 
54 0.996196 0.061780 0.061462 0.000000 -0.060273 0.997841 -0.026080 0.000000 -0.062940 0.022276 0.997769 0.000000 26.765177 55.039875 19.099619 1.000000 
59 0.967394 0.137220 -0.212882 0.000000 -0.146376 0.988839 -0.027782 0.000000 0.206694 0.058037 0.976683 0.000000 -8.856714 45.307217 30.874140 1.000000 
64 0.980545 -0.177481 0.083852 0.000000 0.178708 0.983875 -0.007302 0.000000 -0.081204 0.022145 0.996451 0.000000 -15.670671 63.740089 31.869162 1.000000 
5 0.985216 -0.154931 -0.073121 0.000000 0.154095 0.987910 -0.016976 0.000000 0.074867 0.005458 0.997179 0.000000 15.791532 7.514338 6.535886 1.000000 
8 0.987368 0.157228 -0.019566 0.000000 -0.157515 0.987416 -0.014064 0.000000 0.017108 0.016968 0.999710 0.000000 18.477646 7.897055 -6.442691 1.000000 
30 0.985495 -0.084470 -0.147191 0.000000 0.085477 0.996340 0.000518 0.000000 0.146608 -0.013092 0.989108 0.000000 18.234114 54.703686 -50.953133 1.000000 
35 0.989175 0.142853 -0.033544 0.000000 -0.140536 0.988038 0.063482 0.000000 0.042212 -0.058081 0.997419 0.000000 33.749420 71.797058 -28.268461 1.000000 
40 0.998267 -0.057912 0.010443 0.000000 0.053854 0.970611 0.234550 0.000000 -0.023720 -0.233581 0.972048 0.000000 -10.465704 50.472103 -44.769394 1.000000 
45 0.999576 -0.011015 0.026970 0.000000 0.011414 0.999827 -0.014717 0.000000 -0.026803 0.015019 0.999528 0.000000 -34.088932 57.731918 -44.374073 1.000000 
50 0.903901 -0.035041 0.426303 0.000000 0.114743 0.979974 -0.162741 0.000000 -0.412064 0.196017 0.889821 0.000000 5.615084 65.285408 38.591122 1.000000 
55 0.993350 -0.114947 0.006579 0.000000 0.114765 0.993118 0.023353 0.000000 -0.009218 -0.022443 0.999706 0.000000 63.224369 47.194763 31.651804 1.000000 
60 0.967176 0.142983 -0.210062 0.000000 -0.147182 0.989100 -0.004412 0.000000 0.207142 0.035184 0.977678 0.000000 -8.597217 42.429035 51.993553 1.000000 
65 0.976761 -0.201103 0.074135 0.000000 0.204147 0.978278 -0.035996 0.000000 -0.065285 0.050294 0.996598 0.000000 -37.345249 59.639732 45.537209 1.000000 
31 0.983522 -0.122786 -0.132692 0.000000 0.117161 0.991882 -0.049425 0.000000 0.137684 0.033064 0.989924 0.000000 30.517176 37.672226 -67.388428 1.000000 
36 0.999398 -0.018374 0.029428 0.000000 0.018032 0.999767 0.011838 0.000000 -0.029639 -0.011301 0.999497 0.000000 61.987507 56.953407 -33.318958 1.000000 
41 0.998621 -0.051740 0.008857 0.000000 0.048677 0.975918 0.212636 0.000000 -0.019645 -0.211912 0.977091 0.000000 -16.189209 39.007347 -61.365131 1.000000 
46 0.999806 0.003420 0.019382 0.000000 -0.002962 0.999717 -0.023606 0.000000 -0.019457 0.023544 0.999533 0.000000 -54.588554 32.788521 -51.000992 1.000000 
51 0.904134 -0.121461 0.409620 0.000000 0.149668 0.988029 -0.037383 0.000000 -0.400176 0.095106 0.911490 0.000000 12.351489 51.907063 60.652493 1.000000 
56 0.981383 -0.189727 -0.029860 0.000000 0.190960 0.980520 0.045988 0.000000 0.020553 -0.050834 0.998496 0.000000 86.830383 25.316498 34.362579 1.000000 
61 0.967052 0.146170 -0.208434 0.000000 -0.147656 0.989002 0.008497 0.000000 0.207384 0.022559 0.977999 0.000000 -8.633904 26.989349 66.179268 1.000000 
66 0.977437 -0.199556 0.069237 0.000000 0.202685 0.978364 -0.041511 0.000000 -0.059455 0.054608 0.996736 0.000000 -62.806313 39.534592 51.354713 1.000000 
67 1.000000 0.000000 0.000000 0.000000 0.000000 1.000000 0.000000 0.000000 0.000000 0.000000 1.000000 0.000000 0.000000 83.070496 0.000000 1.000000 
68 1.000000 0.000000 0.000000 0.000000 0.000000 1.000000 0.000000 0.000000 0.000000 0.000000 1.000000 0.000000 -10.226984 0.232216 0.001319 1.000000 
69 1.000000 0.000000 0.000000 0.000000 0.000000 1.000000 0.000000 0.000000 0.000000 0.000000 1.000000 0.000000 -10.226978 70.730209 0.001320 1.000000 
70 1.000000 0.000000 0.000000 0.000000 0.000000 1.000000 0.000000 0.000000 0.000000 0.000000 1.000000 0.000000 -10.226987 0.232216 0.001319 1.000000 
71 1.000000 0.000000 0.000000 0.000000 0.000000 1.000000 0.000000 0.000000 0.000000 0.000000 1.000000 0.000000 -10.226987 0.232216 0.001319 1.000000 
72 1.000000 0.000000 0.000000 0.000000 0.000000 1.000000 0.000000 0.000000 0.000000 0.000000 1.000000 0.000000 115.125870 0.000000 -32.474308 1.000000 
73 1.000000 0.000000 0.000000 0.000000 0.000000 1.000000 0.000000 0.000000 0.000000 0.000000 1.000000 0.000000 62.749397 0.000000 -78.997215 1.000000 
74 1.000000 0.000000 0.000000 0.000000 0.000000 1.000000 0.000000 0.000000 0.000000 0.000000 1.000000 0.000000 1.802011 0.000000 -75.468254 1.000000 
75 1.000000 0.000000 0.000000 0.000000 0.000000 1.000000 0.000000 0.000000 0.000000 0.000000 1.000000 0.000000 -89.168083 0.000000 -51.799946 1.000000 
76 1.000000 0.000000 0.000000 0.000000 0.000000 1.000000 0.000000 0.000000 0.000000 0.000000 1.000000 0.000000 119.592667 0.000000 32.457558 1.000000 
77 1.000000 0.000000 0.000000 0.000000 0.000000 1.000000 0.000000 0.000000 0.000000 0.000000 1.000000 0.000000 55.606968 0.000000 78.943047 1.000000 
78 1.000000 0.000000 0.000000 0.000000 0.000000 1.000000 0.000000 0.000000 0.000000 0.000000 1.000000 0.000000 5.046760 0.000000 75.453720 1.000000 
79 1.000000 0.000000 0.000000 0.000000 0.000000 1.000000 0.000000 0.000000 0.000000 0.000000 1.000000 0.000000 -89.121231 0.000000 51.801723 1.000000 
80 1.000000 0.000000 0.000000 0.000000 0.000000 1.000000 0.000000 0.000000 0.000000 0.000000 1.000000 0.000000 132.160492 0.000000 -32.441174 1.000000 
81 1.000000 0.000000 0.000000 0.000000 0.000000 1.000000 0.000000 0.000000 0.000000 0.000000 1.000000 0.000000 68.761414 0.000000 -79.050568 1.000000 
82 1.000000 0.000000 0.000000 0.000000 0.000000 1.000000 0.000000 0.000000 0.000000 0.000000 1.000000 0.000000 13.905589 0.000000 -75.478256 1.000000 
83 1.000000 0.000000 0.000000 0.000000 0.000000 1.000000 0.000000 0.000000 0.000000 0.000000 1.000000 0.000000 -58.008385 0.000000 -51.798386 1.000000 
84 1.000000 0.000000 0.000000 0.000000 0.000000 1.000000 0.000000 0.000000 0.000000 0.000000 1.000000 0.000000 139.501648 0.000000 32.435669 1.000000 
85 1.000000 0.000000 0.000000 0.000000 0.000000 1.000000 0.000000 0.000000 0.000000 0.000000 1.000000 0.000000 59.696896 0.000000 78.963730 1.000000 
86 1.000000 0.000000 0.000000 0.000000 0.000000 1.000000 0.000000 0.000000 0.000000 0.000000 1.000000 0.000000 16.943512 0.000000 75.447723 1.000000 
87 1.000000 0.000000 0.000000 0.000000 0.000000 1.000000 0.000000 0.000000 0.000000 0.000000 1.000000 0.000000 -58.530979 0.000000 51.800949 1.000000 
10 0.999755 0.022135 0.000000 0.000000 -0.022135 0.999755 0.000000 0.000000 0.000000 0.000000 1.000000 0.000000 -50.105255 72.342125 0.001232 1.000000 
11 1.146065 -0.787803 -0.001816 0.000000 0.787795 1.146064 -0.004600 0.000000 0.004102 0.002762 1.390711 0.000000 -62.513660 69.880287 1.472308 1.000000 
21 1.000000 0.000000 0.000000 0.000000 0.000000 1.000000 0.000000 0.000000 0.000000 0.000000 1.000000 0.000000 -11.642521 48.698662 0.001319 1.000000 
23 1.000000 0.000000 0.000000 0.000000 0.000000 1.000000 0.000000 0.000000 0.000000 0.000000 1.000000 0.000000 -8.172189 19.123119 0.001319 1.000000 
24 1.000000 0.000000 0.000000 0.000000 0.000000 1.000000 0.000000 0.000000 0.000000 0.000000 1.000000 0.000000 -8.172188 19.123121 0.001319 1.000000 
25 1.000000 0.000000 0.000000 0.000000 0.000000 1.000000 0.000000 0.000000 0.000000 0.000000 1.000000 0.000000 -8.172188 19.123121 0.001319 1.000000 
26 1.000000 0.000000 0.000000 0.000000 0.000000 1.000000 0.000000 0.000000 0.000000 0.000000 1.000000 0.000000 -8.172188 19.123121 0.001319 1.000000 
14 1.000000 0.000000 0.000000 0.000000 0.000000 1.000000 0.000000 0.000000 0.000000 0.000000 1.000000 0.000000 9.685854 23.961498 0.001322 1.000000 
15 1.000000 0.000000 0.000000 0.000000 0.000000 1.000000 0.000000 0.000000 0.000000 0.000000 1.000000 0.000000 14.241571 17.023598 0.001319 1.000000 
16 1.000000 0.000000 0.000000 0.000000 0.000000 1.000000 0.000000 0.000000 0.000000 0.000000 1.000000 0.000000 12.223651 21.866608 -2.989258 1.000000 
17 1.000000 0.000000 0.000000 0.000000 0.000000 1.000000 0.000000 0.000000 0.000000 0.000000 1.000000 0.000000 12.102458 21.962929 2.994847 1.000000 
18 1.000000 0.000000 0.000000 0.000000 0.000000 1.000000 0.000000 0.000000 0.000000 0.000000 1.000000 0.000000 4.834726 18.173069 0.000931 1.000000 
19 1.000000 0.000000 0.000000 0.000000 0.000000 1.000000 0.000000 0.000000 0.000000 0.000000 1.000000 0.000000 4.834726 18.173069 0.000931 1.000000 
20 1.000000 0.000000 0.000000 0.000000 0.000000 1.000000 0.000000 0.000000 0.000000 0.000000 1.000000 0.000000 4.834728 18.173069 0.000932 1.000000 
