[FRAME_COUNT]
40
[DURATION]
1.666667
[BONE_COUNT]
87
[KEY]
1 1.000000 0.000000 0.000000 0.000000 0.000000 1.000000 0.000000 0.000000 0.000000 0.000000 1.000000 0.000000 -10.226984 0.232216 0.001319 1.000000 
2 1.000000 0.000000 0.000000 0.000000 0.000000 1.000000 0.000000 0.000000 0.000000 0.000000 1.000000 0.000000 -10.226984 0.232216 0.001319 1.000000 
3 1.000000 0.000000 0.000000 0.000000 0.000000 1.000000 0.000000 0.000000 0.000000 0.000000 1.000000 0.000000 11.098431 18.954062 2.718880 1.000000 
6 1.000000 0.000000 0.000000 0.000000 0.000000 1.000000 0.000000 0.000000 0.000000 0.000000 1.000000 0.000000 11.098417 18.954113 -2.730513 1.000000 
9 0.991326 0.131429 0.000000 0.000000 -0.131429 0.991326 0.000000 0.000000 0.000000 0.000000 1.000000 0.000000 -15.326487 19.633852 0.000921 1.000000 
12 1.000000 0.000000 0.000000 0.000000 0.000000 1.000000 0.000000 0.000000 0.000000 0.000000 1.000000 0.000000 -15.326487 19.633852 0.000921 1.000000 
27 1.000000 0.000000 0.000000 0.000000 0.000000 1.000000 0.000000 0.000000 0.000000 0.000000 1.000000 0.000000 -3.151001 15.872094 -8.168830 1.000000 
32 1.000000 0.000000 0.000000 0.000000 0.000000 1.000000 0.000000 0.000000 0.000000 0.000000 1.000000 0.000000 1.292232 19.633837 -5.426734 1.000000 
37 1.000000 0.000000 0.000000 0.000000 0.000000 1.000000 0.000000 0.000000 0.000000 0.000000 1.000000 0.000000 -8.678464 16.470507 -8.986213 1.000000 
42 1.000000 0.000000 0.000000 0.000000 0.000000 1.000000 0.000000 0.000000 0.000000 0.000000 1.000000 0.000000 -12.529337 17.170685 -7.037132 1.000000 
47 1.000000 0.000000 0.000000 0.000000 0.000000 1.000000 0.000000 0.000000 0.000000 0.000000 1.000000 0.000000 -3.150999 15.872065 8.171465 1.000000 
52 1.000000 0.000000 0.000000 0.000000 0.000000 1.000000 0.000000 0.000000 0.000000 0.000000 1.000000 0.000000 1.292188 19.633850 5.429370 1.000000 
57 1.000000 0.000000 0.000000 0.000000 0.000000 1.000000 0.000000 0.000000 0.000000 0.000000 1.000000 0.000000 -8.678467 16.470554 8.988850 1.000000 
62 1.000000 0.000000 0.000000 0.000000 0.000000 1.000000 0.000000 0.000000 0.000000 0.000000 1.000000 0.000000 -12.529338 17.170660 7.039771 1.000000 
13 1.000000 0.000000 0.000000 0.000000 0.000000 1.000000 0.000000 0.000000 0.000000 0.000000 1.000000 0.000000 2.779930 19.255835 0.000931 1.000000 
28 0.999992 -0.003966 0.000742 0.000000 0.003969 0.999981 -0.004698 0.000000 -0.000723 0.004701 0.999989 0.000000 -1.454664 17.760006 -11.738103 1.000000 
33 0.999999 0.001282 0.000000 0.000000 -0.001282 0.999999 0.000183 0.000000 0.000000 -0.000183 1.000000 0.000000 3.883216 20.939516 -7.296888 1.000000 
38 0.999997 0.002500 -0.000500 0.000000 -0.002505 0.999954 -0.009216 0.000000 0.000477 0.009217 0.999957 0.000000 -8.849779 17.904613 -14.632987 1.000000 
43 1.000000 0.000427 -0.000000 0.000000 -0.000427 1.000000 -0.000244 0.000000 -0.000000 0.000244 1.000000 0.000000 -14.630817 17.060434 -12.770145 1.000000 
48 0.999992 -0.004028 -0.000315 0.000000 0.004029 0.999981 0.004638 0.000000 0.000296 -0.004639 0.999989 0.000000 -1.454666 17.760031 11.740780 1.000000 
53 0.999999 0.001282 -0.000000 0.000000 -0.001282 0.999999 -0.000244 0.000000 -0.000000 0.000244 1.000000 0.000000 3.883228 20.939552 7.299524 1.000000 
58 0.999997 0.002500 0.000500 0.000000 -0.002505 0.999956 0.009094 0.000000 -0.000477 -0.009095 0.999959 0.000000 -8.849784 17.904585 14.635589 1.000000 
63 1.000000 0.000000 0.000000 0.000000 0.000000 1.000000 0.000000 0.000000 0.000000 0.000000 1.000000 0.000000 -14.630815 17.060415 12.772816 1.000000 
4 1.000000 0.000000 0.000000 0.000000 0.000000 1.000000 0.000000 0.000000 0.000000 0.000000 1.000000 0.000000 14.456429 12.870164 6.270426 1.000000 
7 1.000000 0.000000 0.000000 0.000000 0.000000 1.000000 0.000000 0.000000 0.000000 0.000000 1.000000 0.000000 14.456430 12.870213 -6.270925 1.000000 
29 0.999992 -0.003966 0.000742 0.000000 0.003968 0.999986 -0.003355 0.000000 -0.000728 0.003358 0.999994 0.000000 9.684689 52.825428 -31.646954 1.000000 
34 0.999999 0.001038 0.000000 0.000000 -0.001038 0.999999 0.000183 0.000000 0.000000 -0.000183 1.000000 0.000000 34.331142 48.254070 -19.031767 1.000000 
39 0.999998 0.002137 -0.000131 0.000000 -0.002138 0.999972 -0.007141 0.000000 0.000115 0.007141 0.999974 0.000000 -10.652314 45.391586 -32.537563 1.000000 
44 1.000000 0.000427 -0.000000 0.000000 -0.000427 1.000000 -0.000244 0.000000 -0.000000 0.000244 1.000000 0.000000 -20.872175 65.625031 -28.832985 1.000000 
49 0.999994 -0.003478 -0.000312 0.000000 0.003479 0.999987 0.003601 0.000000 0.000300 -0.003602 0.999993 0.000000 9.678398 52.825916 31.652239 1.000000 
54 0.999999 0.001038 -0.000000 0.000000 -0.001038 0.999999 -0.000244 0.000000 -0.000000 0.000244 1.000000 0.000000 34.331215 48.254665 19.032671 1.000000 
59 0.999997 0.002256 0.000498 0.000000 -0.002259 0.999973 0.006958 0.000000 -0.000482 -0.006959 0.999976 0.000000 -10.652305 45.393814 32.536766 1.000000 
64 1.000000 0.000000 0.000000 0.000000 0.000000 1.000000 0.000000 0.000000 0.000000 0.000000 1.000000 0.000000 -20.851460 65.631584 28.823818 1.000000 
5 1.000000 0.000000 0.000000 0.000000 0.000000 1.000000 0.000000 0.000000 0.000000 0.000000 1.000000 0.000000 15.119763 8.583627 6.452275 1.000000 
8 1.000000 0.000000 0.000000 0.000000 0.000000 1.000000 0.000000 0.000000 0.000000 0.000000 1.000000 0.000000 15.142559 8.565822 -6.452322 1.000000 
30 0.999993 -0.003660 0.000741 0.000000 0.003662 0.999989 -0.002806 0.000000 -0.000731 0.002809 0.999996 0.000000 24.076145 51.016548 -53.149132 1.000000 
35 1.000000 0.000854 0.000000 0.000000 -0.000854 1.000000 0.000183 0.000000 0.000000 -0.000183 1.000000 0.000000 70.949120 37.940910 -29.088259 1.000000 
40 0.999998 0.001955 0.000054 0.000000 -0.001955 0.999980 -0.005981 0.000000 -0.000065 0.005981 0.999982 0.000000 -15.287053 41.764446 -53.025219 1.000000 
45 1.000000 0.000427 -0.000000 0.000000 -0.000427 1.000000 -0.000244 0.000000 -0.000000 0.000244 1.000000 0.000000 -40.247787 57.605583 -44.119785 1.000000 
50 0.999995 -0.003174 -0.000128 0.000000 0.003174 0.999990 0.003051 0.000000 0.000118 -0.003052 0.999995 0.000000 24.061455 51.018864 53.160179 1.000000 
55 1.000000 0.000854 -0.000000 0.000000 -0.000854 1.000000 -0.000244 0.000000 -0.000000 0.000244 1.000000 0.000000 70.949226 37.942051 29.089857 1.000000 
60 0.999997 0.002256 0.000498 0.000000 -0.002259 0.999981 0.005737 0.000000 -0.000485 -0.005738 0.999983 0.000000 -15.294186 41.769905 53.023376 1.000000 
65 1.000000 0.000000 0.000000 0.000000 0.000000 1.000000 0.000000 0.000000 0.000000 0.000000 1.000000 0.000000 -40.230537 57.624107 44.112617 1.000000 
31 0.999994 -0.003416 0.000740 0.000000 0.003418 0.999991 -0.002562 0.000000 -0.000731 0.002565 0.999996 0.000000 39.990768 34.990593 -67.325058 1.000000 
36 1.000000 0.000854 0.000000 0.000000 -0.000854 1.000000 0.000183 0.000000 0.000000 -0.000183 1.000000 0.000000 96.946678 19.008490 -32.075081 1.000000 
41 0.999998 0.001955 0.000054 0.000000 -0.001955 0.999984 -0.005371 0.000000 -0.000064 0.005371 0.999986 0.000000 -20.479162 26.346292 -66.251717 1.000000 
46 1.000000 0.000427 -0.000000 0.000000 -0.000427 1.000000 -0.000244 0.000000 -0.000000 0.000244 1.000000 0.000000 -60.631977 32.519764 -50.562614 1.000000 
51 0.999996 -0.002930 -0.000127 0.000000 0.002930 0.999992 0.002746 0.000000 0.000119 -0.002747 0.999996 0.000000 39.975174 34.997158 67.341927 1.000000 
56 1.000000 0.000854 -0.000000 0.000000 -0.000854 1.000000 -0.000244 0.000000 -0.000000 0.000244 1.000000 0.000000 96.947113 19.009739 32.077862 1.000000 
61 0.999997 0.002256 0.000498 0.000000 -0.002259 0.999985 0.005066 0.000000 -0.000486 -0.005067 0.999987 0.000000 -20.488979 26.353422 66.250839 1.000000 
66 1.000000 0.000000 0.000000 0.000000 0.000000 1.000000 0.000000 0.000000 0.000000 0.000000 1.000000 0.000000 -60.625427 32.548477 50.561409 1.000000 
67 1.000000 0.000000 0.000000 0.000000 0.000000 1.000000 0.000000 0.000000 0.000000 0.000000 1.000000 0.000000 0.000000 83.070496 0.000000 1.000000 
68 1.000000 0.000000 0.000000 0.000000 0.000000 1.000000 0.000000 0.000000 0.000000 0.000000 1.000000 0.000000 -10.226984 0.232216 0.001319 1.000000 
69 1.000000 0.000000 0.000000 0.000000 0.000000 1.000000 0.000000 0.000000 0.000000 0.000000 1.000000 0.000000 -10.226978 70.730209 0.001320 1.000000 
70 1.000000 0.000000 0.000000 0.000000 0.000000 1.000000 0.000000 0.000000 0.000000 0.000000 1.000000 0.000000 -10.226987 0.232216 0.001319 1.000000 
71 1.000000 0.000000 0.000000 0.000000 0.000000 1.000000 0.000000 0.000000 0.000000 0.000000 1.000000 0.000000 -10.226987 0.232216 0.001319 1.000000 
72 1.000000 0.000000 0.000000 0.000000 0.000000 1.000000 0.000000 0.000000 0.000000 0.000000 1.000000 0.000000 115.125870 0.000000 -32.474308 1.000000 
73 1.000000 0.000000 0.000000 0.000000 0.000000 1.000000 0.000000 0.000000 0.000000 0.000000 1.000000 0.000000 62.749397 0.000000 -78.997215 1.000000 
74 1.000000 0.000000 0.000000 0.000000 0.000000 1.000000 0.000000 0.000000 0.000000 0.000000 1.000000 0.000000 1.802011 0.000000 -75.468254 1.000000 
75 1.000000 0.000000 0.000000 0.000000 0.000000 1.000000 0.000000 0.000000 0.000000 0.000000 1.000000 0.000000 -89.168083 0.000000 -51.799946 1.000000 
76 1.000000 0.000000 0.000000 0.000000 0.000000 1.000000 0.000000 0.000000 0.000000 0.000000 1.000000 0.000000 119.592667 0.000000 32.457558 1.000000 
77 1.000000 0.000000 0.000000 0.000000 0.000000 1.000000 0.000000 0.000000 0.000000 0.000000 1.000000 0.000000 55.606968 0.000000 78.943047 1.000000 
78 1.000000 0.000000 0.000000 0.000000 0.000000 1.000000 0.000000 0.000000 0.000000 0.000000 1.000000 0.000000 5.046760 0.000000 75.453720 1.000000 
79 1.000000 0.000000 0.000000 0.000000 0.000000 1.000000 0.000000 0.000000 0.000000 0.000000 1.000000 0.000000 -89.121231 0.000000 51.801723 1.000000 
80 1.000000 0.000000 0.000000 0.000000 0.000000 1.000000 0.000000 0.000000 0.000000 0.000000 1.000000 0.000000 132.160492 0.000000 -32.441174 1.000000 
81 1.000000 0.000000 0.000000 0.000000 0.000000 1.000000 0.000000 0.000000 0.000000 0.000000 1.000000 0.000000 68.761414 0.000000 -79.050568 1.000000 
82 1.000000 0.000000 0.000000 0.000000 0.000000 1.000000 0.000000 0.000000 0.000000 0.000000 1.000000 0.000000 13.905589 0.000000 -75.478256 1.000000 
83 1.000000 0.000000 0.000000 0.000000 0.000000 1.000000 0.000000 0.000000 0.000000 0.000000 1.000000 0.000000 -58.008385 0.000000 -51.798386 1.000000 
84 1.000000 0.000000 0.000000 0.000000 0.000000 1.000000 0.000000 0.000000 0.000000 0.000000 1.000000 0.000000 139.501648 0.000000 32.435669 1.000000 
85 1.000000 0.000000 0.000000 0.000000 0.000000 1.000000 0.000000 0.000000 0.000000 0.000000 1.000000 0.000000 59.696896 0.000000 78.963730 1.000000 
86 1.000000 0.000000 0.000000 0.000000 0.000000 1.000000 0.000000 0.000000 0.000000 0.000000 1.000000 0.000000 16.943512 0.000000 75.447723 1.000000 
87 1.000000 0.000000 0.000000 0.000000 0.000000 1.000000 0.000000 0.000000 0.000000 0.000000 1.000000 0.000000 -58.530979 0.000000 51.800949 1.000000 
10 0.991326 0.131429 0.000000 0.000000 -0.131429 0.991326 0.000000 0.000000 0.000000 0.000000 1.000000 0.000000 -57.826370 69.070145 0.001232 1.000000 
11 1.225407 -0.657629 -0.001816 0.000000 0.657621 1.225405 -0.004600 0.000000 0.003775 0.003194 1.390711 0.000000 -69.890770 65.264961 1.472308 1.000000 
21 1.000000 0.000000 0.000000 0.000000 0.000000 1.000000 0.000000 0.000000 0.000000 0.000000 1.000000 0.000000 -13.697318 49.781429 0.001319 1.000000 
23 1.000000 0.000000 0.000000 0.000000 0.000000 1.000000 0.000000 0.000000 0.000000 0.000000 1.000000 0.000000 -10.226986 20.205885 0.001319 1.000000 
24 1.000000 0.000000 0.000000 0.000000 0.000000 1.000000 0.000000 0.000000 0.000000 0.000000 1.000000 0.000000 -10.226984 20.205885 0.001319 1.000000 
25 1.000000 0.000000 0.000000 0.000000 0.000000 1.000000 0.000000 0.000000 0.000000 0.000000 1.000000 0.000000 -10.226984 20.205885 0.001319 1.000000 
26 1.000000 0.000000 0.000000 0.000000 0.000000 1.000000 0.000000 0.000000 0.000000 0.000000 1.000000 0.000000 -10.226984 20.205885 0.001319 1.000000 
14 1.000000 0.000000 0.000000 0.000000 0.000000 1.000000 0.000000 0.000000 0.000000 0.000000 1.000000 0.000000 7.631057 25.044264 0.001322 1.000000 
15 1.000000 0.000000 0.000000 0.000000 0.000000 1.000000 0.000000 0.000000 0.000000 0.000000 1.000000 0.000000 12.186775 18.106363 0.001319 1.000000 
16 1.000000 0.000000 0.000000 0.000000 0.000000 1.000000 0.000000 0.000000 0.000000 0.000000 1.000000 0.000000 10.168854 22.949373 -2.989258 1.000000 
17 1.000000 0.000000 0.000000 0.000000 0.000000 1.000000 0.000000 0.000000 0.000000 0.000000 1.000000 0.000000 10.047662 23.045694 2.994847 1.000000 
18 1.000000 0.000000 0.000000 0.000000 0.000000 1.000000 0.000000 0.000000 0.000000 0.000000 1.000000 0.000000 2.779929 19.255835 0.000931 1.000000 
19 1.000000 0.000000 0.000000 0.000000 0.000000 1.000000 0.000000 0.000000 0.000000 0.000000 1.000000 0.000000 2.779929 19.255835 0.000931 1.000000 
20 1.000000 0.000000 0.000000 0.000000 0.000000 1.000000 0.000000 0.000000 0.000000 0.000000 1.000000 0.000000 2.779932 19.255835 0.000932 1.000000 
22 1.000000 0.000000 0.000000 0.000000 0.000000 1.000000 0.000000 0.000000 0.000000 0.000000 1.000000 0.000000 -13.697319 49.282085 0.001319 1.000000 
[KEY]
1 1.000000 0.000000 0.000000 0.000000 0.000000 1.000000 0.000000 0.000000 0.000000 0.000000 1.000000 0.000000 -10.226984 0.232216 0.001319 1.000000 
2 0.999398 -0.034694 0.000000 0.000000 0.034694 0.999398 0.000000 0.000000 0.000000 0.000000 1.000000 0.000000 -14.929687 -0.675434 -0.152577 1.000000 
3 0.999398 -0.034694 0.000000 0.000000 0.034694 0.999398 0.000000 0.000000 0.000000 0.000000 1.000000 0.000000 7.032431 17.295271 2.564984 1.000000 
6 0.999398 -0.034694 0.000000 0.000000 0.034694 0.999398 0.000000 0.000000 0.000000 0.000000 1.000000 0.000000 7.032419 17.295322 -2.884409 1.000000 
9 0.995853 0.090974 0.000000 0.000000 -0.090974 0.995853 0.000000 0.000000 0.000000 0.000000 1.000000 0.000000 -19.352993 18.891445 -0.152976 1.000000 
12 0.999398 -0.034694 0.000000 0.000000 0.034694 0.999398 0.000000 0.000000 0.000000 0.000000 1.000000 0.000000 -19.352993 18.891445 -0.152976 1.000000 
27 0.999398 -0.034694 0.000000 0.000000 0.034694 0.999398 0.000000 0.000000 0.000000 0.000000 1.000000 0.000000 -7.315349 14.709532 -8.322726 1.000000 
32 0.999398 -0.034694 0.000000 0.000000 0.034694 0.999398 0.000000 0.000000 0.000000 0.000000 1.000000 0.000000 -2.744280 18.314856 -5.580631 1.000000 
37 0.999398 -0.034694 0.000000 0.000000 0.034694 0.999398 0.000000 0.000000 0.000000 0.000000 1.000000 0.000000 -12.818722 15.499356 -9.140109 1.000000 
42 0.999398 -0.034694 0.000000 0.000000 0.034694 0.999398 0.000000 0.000000 0.000000 0.000000 1.000000 0.000000 -16.642984 16.332716 -7.191029 1.000000 
47 0.999398 -0.034694 0.000000 0.000000 0.034694 0.999398 0.000000 0.000000 0.000000 0.000000 1.000000 0.000000 -7.315348 14.709502 8.017569 1.000000 
52 0.999398 -0.034694 0.000000 0.000000 0.034694 0.999398 0.000000 0.000000 0.000000 0.000000 1.000000 0.000000 -2.744323 18.314871 5.275474 1.000000 
57 0.999398 -0.034694 0.000000 0.000000 0.034694 0.999398 0.000000 0.000000 0.000000 0.000000 1.000000 0.000000 -12.818724 15.499404 8.834953 1.000000 
62 0.999398 -0.034694 0.000000 0.000000 0.034694 0.999398 0.000000 0.000000 0.000000 0.000000 1.000000 0.000000 -16.642986 16.332691 6.885874 1.000000 
13 0.999398 -0.034694 0.000000 0.000000 0.034694 0.999398 0.000000 0.000000 0.000000 0.000000 1.000000 0.000000 -1.270592 17.885466 -0.152965 1.000000 
28 0.998457 -0.009696 0.054671 0.000000 0.011110 0.999610 -0.025622 0.000000 -0.054401 0.026189 0.998176 0.000000 -5.554533 16.537453 -11.892000 1.000000 
33 0.994464 -0.098580 0.036375 0.000000 0.099433 0.994792 -0.022429 0.000000 -0.033975 0.025922 0.999086 0.000000 -0.109556 19.529856 -7.450784 1.000000 
38 0.998053 0.009950 0.061573 0.000000 -0.011780 0.999497 0.029438 0.000000 -0.061250 -0.030106 0.997668 0.000000 -12.940180 16.938543 -14.786883 1.000000 
43 0.998205 -0.047348 0.036680 0.000000 0.046067 0.998324 0.035029 0.000000 -0.038278 -0.033276 0.998713 0.000000 -18.747025 16.295441 -12.924042 1.000000 
48 0.998967 -0.015067 -0.042876 0.000000 0.016260 0.999486 0.027635 0.000000 0.042438 -0.028304 0.998698 0.000000 -5.554534 16.537479 11.586884 1.000000 
53 0.997224 -0.071087 -0.022154 0.000000 0.071458 0.997308 0.016435 0.000000 0.020926 -0.017972 0.999619 0.000000 -0.109543 19.529892 7.145627 1.000000 
58 0.998009 0.011295 -0.062048 0.000000 -0.012909 0.999587 -0.025684 0.000000 0.061732 0.026434 0.997743 0.000000 -12.940185 16.938515 14.481692 1.000000 
63 0.998178 -0.045858 -0.039215 0.000000 0.044492 0.998396 -0.035028 0.000000 0.040759 0.033219 0.998617 0.000000 -18.747023 16.295422 12.618919 1.000000 
4 0.995291 -0.096016 -0.013313 0.000000 0.095978 0.995377 -0.003446 0.000000 0.013582 0.002152 0.999905 0.000000 10.177331 11.098532 6.116529 1.000000 
7 0.997527 0.067386 -0.019994 0.000000 -0.067422 0.997724 -0.001144 0.000000 0.019872 0.002489 0.999799 0.000000 10.177334 11.098580 -6.424821 1.000000 
29 0.998500 -0.008646 0.054058 0.000000 0.007737 0.999826 0.017001 0.000000 -0.054196 -0.016558 0.998393 0.000000 6.879575 51.102428 -31.909161 1.000000 
34 0.999588 0.017179 0.023015 0.000000 -0.017511 0.999745 0.014280 0.000000 -0.022763 -0.014677 0.999633 0.000000 33.315323 43.351849 -18.682821 1.000000 
39 0.998077 0.013062 0.060590 0.000000 -0.014177 0.999737 0.018008 0.000000 -0.060339 -0.018832 0.998000 0.000000 -13.906333 45.094131 -31.689131 1.000000 
44 0.999328 -0.020454 0.030411 0.000000 0.019894 0.999629 0.018596 0.000000 -0.030780 -0.017978 0.999364 0.000000 -22.104567 65.613853 -27.481161 1.000000 
49 0.999155 0.002793 -0.041004 0.000000 -0.002972 0.999986 -0.004287 0.000000 0.040992 0.004405 0.999150 0.000000 6.830226 50.997250 31.814827 1.000000 
54 0.999805 0.013983 -0.013943 0.000000 -0.014096 0.999869 -0.008012 0.000000 0.013829 0.008207 0.999871 0.000000 32.483368 44.351746 18.653877 1.000000 
59 0.998039 0.013634 -0.061093 0.000000 -0.014721 0.999741 -0.017371 0.000000 0.060840 0.018236 0.997981 0.000000 -13.928962 45.029510 31.489849 1.000000 
64 0.999251 -0.019975 -0.033128 0.000000 0.019346 0.999629 -0.019184 0.000000 0.033499 0.018529 0.999267 0.000000 -22.141104 65.607124 27.190332 1.000000 
5 0.998457 -0.055304 -0.004961 0.000000 0.055293 0.998468 -0.002240 0.000000 0.005078 0.001963 0.999985 0.000000 10.428596 6.768510 6.304302 1.000000 
8 0.999854 -0.016162 -0.005494 0.000000 0.016141 0.999862 -0.003857 0.000000 0.005556 0.003768 0.999977 0.000000 11.148373 6.849771 -6.614976 1.000000 
30 0.998763 -0.001056 0.049719 0.000000 -0.000552 0.999477 0.032320 0.000000 -0.049727 -0.032307 0.998240 0.000000 22.393797 49.655075 -52.644245 1.000000 
35 0.997978 0.063046 0.008054 0.000000 -0.063268 0.997511 0.031121 0.000000 -0.006072 -0.031568 0.999483 0.000000 70.317642 33.777962 -28.039078 1.000000 
40 0.998125 0.016389 0.058971 0.000000 -0.016715 0.999848 0.005026 0.000000 -0.058880 -0.006003 0.998247 0.000000 -17.250246 41.949924 -52.505310 1.000000 
45 0.999751 0.001815 0.022233 0.000000 -0.001908 0.999990 0.004149 0.000000 -0.022225 -0.004190 0.999744 0.000000 -41.159294 58.280636 -43.498440 1.000000 
50 0.999307 0.011522 -0.035394 0.000000 -0.012232 0.999727 -0.019904 0.000000 0.035155 0.020324 0.999175 0.000000 22.087688 49.452698 52.732609 1.000000 
55 0.998767 0.049628 -0.001155 0.000000 -0.049641 0.998565 -0.020075 0.000000 0.000157 0.020107 0.999798 0.000000 69.368500 34.594448 28.279785 1.000000 
60 0.998080 0.016251 -0.059760 0.000000 -0.016743 0.999830 -0.007730 0.000000 0.059625 0.008716 0.998183 0.000000 -17.260574 41.870457 52.305748 1.000000 
65 0.999691 0.001327 -0.024821 0.000000 -0.001473 0.999982 -0.005869 0.000000 0.024813 0.005903 0.999675 0.000000 -41.148434 58.272995 43.263535 1.000000 
31 0.998846 0.005549 0.047704 0.000000 -0.007471 0.999163 0.040222 0.000000 -0.047440 -0.040532 0.998051 0.000000 39.053253 34.178642 -66.572845 1.000000 
36 0.998703 0.050905 -0.000983 0.000000 -0.050837 0.998057 0.036015 0.000000 0.002815 -0.035919 0.999351 0.000000 97.463860 16.602171 -31.401539 1.000000 
41 0.998156 0.018649 0.057759 0.000000 -0.018461 0.999822 -0.003780 0.000000 -0.057820 0.002706 0.998323 0.000000 -21.423023 26.618013 -66.185158 1.000000 
46 0.999778 0.014150 0.015608 0.000000 -0.014090 0.999893 -0.003937 0.000000 -0.015662 0.003716 0.999870 0.000000 -61.357967 33.195374 -50.503212 1.000000 
51 0.999282 0.017938 -0.033387 0.000000 -0.018863 0.999441 -0.027598 0.000000 0.032873 0.028208 0.999061 0.000000 38.734467 34.002457 66.705368 1.000000 
56 0.999189 0.039817 0.005984 0.000000 -0.039663 0.998926 -0.023942 0.000000 -0.006931 0.023686 0.999695 0.000000 96.259583 17.015793 31.613073 1.000000 
61 0.998102 0.017763 -0.058962 0.000000 -0.017920 0.999837 -0.002124 0.000000 0.058914 0.003177 0.998258 0.000000 -21.422792 26.575693 66.030396 1.000000 
66 0.999744 0.013124 -0.018410 0.000000 -0.013093 0.999913 0.001802 0.000000 0.018432 -0.001560 0.999829 0.000000 -61.340065 33.208824 50.363617 1.000000 
67 1.000000 0.000000 0.000000 0.000000 0.000000 1.000000 0.000000 0.000000 0.000000 0.000000 1.000000 0.000000 0.000000 83.070496 0.000000 1.000000 
68 1.000000 0.000000 0.000000 0.000000 0.000000 1.000000 0.000000 0.000000 0.000000 0.000000 1.000000 0.000000 -10.226984 0.232216 0.001319 1.000000 
69 1.000000 0.000000 0.000000 0.000000 0.000000 1.000000 0.000000 0.000000 0.000000 0.000000 1.000000 0.000000 -10.226978 70.730209 0.001320 1.000000 
70 1.000000 0.000000 0.000000 0.000000 0.000000 1.000000 0.000000 0.000000 0.000000 0.000000 1.000000 0.000000 -10.226987 0.232216 0.001319 1.000000 
71 1.000000 0.000000 0.000000 0.000000 0.000000 1.000000 0.000000 0.000000 0.000000 0.000000 1.000000 0.000000 -10.226987 0.232216 0.001319 1.000000 
72 1.000000 0.000000 0.000000 0.000000 0.000000 1.000000 0.000000 0.000000 0.000000 0.000000 1.000000 0.000000 115.125870 0.000000 -32.474308 1.000000 
73 1.000000 0.000000 0.000000 0.000000 0.000000 1.000000 0.000000 0.000000 0.000000 0.000000 1.000000 0.000000 62.749397 0.000000 -78.997215 1.000000 
74 1.000000 0.000000 0.000000 0.000000 0.000000 1.000000 0.000000 0.000000 0.000000 0.000000 1.000000 0.000000 1.802011 0.000000 -75.468254 1.000000 
75 1.000000 0.000000 0.000000 0.000000 0.000000 1.000000 0.000000 0.000000 0.000000 0.000000 1.000000 0.000000 -89.168083 0.000000 -51.799946 1.000000 
76 1.000000 0.000000 0.000000 0.000000 0.000000 1.000000 0.000000 0.000000 0.000000 0.000000 1.000000 0.000000 119.592667 0.000000 32.457558 1.000000 
77 1.000000 0.000000 0.000000 0.000000 0.000000 1.000000 0.000000 0.000000 0.000000 0.000000 1.000000 0.000000 55.606968 0.000000 78.943047 1.000000 
78 1.000000 0.000000 0.000000 0.000000 0.000000 1.000000 0.000000 0.000000 0.000000 0.000000 1.000000 0.000000 5.046760 0.000000 75.453720 1.000000 
79 1.000000 0.000000 0.000000 0.000000 0.000000 1.000000 0.000000 0.000000 0.000000 0.000000 1.000000 0.000000 -89.121231 0.000000 51.801723 1.000000 
80 1.000000 0.000000 0.000000 0.000000 0.000000 1.000000 0.000000 0.000000 0.000000 0.000000 1.000000 0.000000 132.160492 0.000000 -32.441174 1.000000 
81 1.000000 0.000000 0.000000 0.000000 0.000000 1.000000 0.000000 0.000000 0.000000 0.000000 1.000000 0.000000 68.761414 0.000000 -79.050568 1.000000 
82 1.000000 0.000000 0.000000 0.000000 0.000000 1.000000 0.000000 0.000000 0.000000 0.000000 1.000000 0.000000 13.905589 0.000000 -75.478256 1.000000 
83 1.000000 0.000000 0.000000 0.000000 0.000000 1.000000 0.000000 0.000000 0.000000 0.000000 1.000000 0.000000 -58.008385 0.000000 -51.798386 1.000000 
84 1.000000 0.000000 0.000000 0.000000 0.000000 1.000000 0.000000 0.000000 0.000000 0.000000 1.000000 0.000000 139.501648 0.000000 32.435669 1.000000 
85 1.000000 0.000000 0.000000 0.000000 0.000000 1.000000 0.000000 0.000000 0.000000 0.000000 1.000000 0.000000 59.696896 0.000000 78.963730 1.000000 
86 1.000000 0.000000 0.000000 0.000000 0.000000 1.000000 0.000000 0.000000 0.000000 0.000000 1.000000 0.000000 16.943512 0.000000 75.447723 1.000000 
87 1.000000 0.000000 0.000000 0.000000 0.000000 1.000000 0.000000 0.000000 0.000000 0.000000 1.000000 0.000000 -58.530979 0.000000 51.800949 1.000000 
10 0.995853 0.090974 0.000000 0.000000 -0.090974 0.995853 0.000000 0.000000 0.000000 0.000000 1.000000 0.000000 -59.805683 70.016457 -0.152664 1.000000 
11 1.197627 -0.706956 -0.001816 0.000000 0.706948 1.197626 -0.004600 0.000000 0.003902 0.003038 1.390711 0.000000 -72.014954 66.705429 1.318412 1.000000 
21 0.999398 -0.034694 0.000000 0.000000 0.034694 0.999398 0.000000 0.000000 0.000000 0.000000 1.000000 0.000000 -16.678856 48.964348 -0.152577 1.000000 
23 0.999398 -0.034694 0.000000 0.000000 0.034694 0.999398 0.000000 0.000000 0.000000 0.000000 1.000000 0.000000 -14.236715 19.286209 -0.152577 1.000000 
24 0.999398 -0.034694 0.000000 0.000000 0.034694 0.999398 0.000000 0.000000 0.000000 0.000000 1.000000 0.000000 -14.236714 19.286211 -0.152577 1.000000 
25 0.999398 -0.034694 0.000000 0.000000 0.034694 0.999398 0.000000 0.000000 0.000000 0.000000 1.000000 0.000000 -14.236714 19.286211 -0.152577 1.000000 
26 0.999398 -0.034694 0.000000 0.000000 0.034694 0.999398 0.000000 0.000000 0.000000 0.000000 1.000000 0.000000 -14.236714 19.286211 -0.152577 1.000000 
14 0.999398 -0.034694 0.000000 0.000000 0.034694 0.999398 0.000000 0.000000 0.000000 0.000000 1.000000 0.000000 3.778440 23.502104 -0.152574 1.000000 
15 0.999398 -0.034694 0.000000 0.000000 0.034694 0.999398 0.000000 0.000000 0.000000 0.000000 1.000000 0.000000 8.090710 16.410322 -0.152578 1.000000 
16 0.999398 -0.034694 0.000000 0.000000 0.034694 0.999398 0.000000 0.000000 0.000000 0.000000 1.000000 0.000000 6.242029 21.320427 -3.143154 1.000000 
17 0.999398 -0.034694 0.000000 0.000000 0.034694 0.999398 0.000000 0.000000 0.000000 0.000000 1.000000 0.000000 6.124251 21.420895 2.840951 1.000000 
18 0.999398 -0.034694 0.000000 0.000000 0.034694 0.999398 0.000000 0.000000 0.000000 0.000000 1.000000 0.000000 -1.270593 17.885466 -0.152965 1.000000 
19 0.999398 -0.034694 0.000000 0.000000 0.034694 0.999398 0.000000 0.000000 0.000000 0.000000 1.000000 0.000000 -1.270593 17.885466 -0.152965 1.000000 
20 0.999398 -0.034694 0.000000 0.000000 0.034694 0.999398 0.000000 0.000000 0.000000 0.000000 1.000000 0.000000 -1.270590 17.885466 -0.152965 1.000000 
22 0.999398 -0.034694 0.000000 0.000000 0.034694 0.999398 0.000000 0.000000 0.000000 0.000000 1.000000 0.000000 -16.696182 48.465309 -0.152577 1.000000 
[KEY]
1 1.000000 0.000000 0.000000 0.000000 0.000000 1.000000 0.000000 0.000000 0.000000 0.000000 1.000000 0.000000 -10.226984 0.232216 0.001319 1.000000 
2 0.995102 -0.098854 0.000000 0.000000 0.098854 0.995102 0.000000 0.000000 0.000000 0.000000 1.000000 0.000000 -19.791405 -2.339828 -0.307264 1.000000 
3 0.995102 -0.098854 0.000000 0.000000 0.098854 0.995102 0.000000 0.000000 0.000000 0.000000 1.000000 0.000000 3.280288 14.182211 2.410297 1.000000 
6 0.995102 -0.098854 0.000000 0.000000 0.098854 0.995102 0.000000 0.000000 0.000000 0.000000 1.000000 0.000000 3.280280 14.182263 -3.039096 1.000000 
9 0.999784 0.020778 0.000000 0.000000 -0.020778 0.999784 0.000000 0.000000 0.000000 0.000000 1.000000 0.000000 -22.947998 17.470884 -0.307662 1.000000 
12 0.995102 -0.098854 0.000000 0.000000 0.098854 0.995102 0.000000 0.000000 0.000000 0.000000 1.000000 0.000000 -22.947998 17.470884 -0.307662 1.000000 
27 0.995102 -0.098854 0.000000 0.000000 0.098854 0.995102 0.000000 0.000000 0.000000 0.000000 1.000000 0.000000 -11.204015 12.523953 -8.477412 1.000000 
32 0.995102 -0.098854 0.000000 0.000000 0.098854 0.995102 0.000000 0.000000 0.000000 0.000000 1.000000 0.000000 -6.410681 15.828040 -5.735318 1.000000 
37 0.995102 -0.098854 0.000000 0.000000 0.098854 0.995102 0.000000 0.000000 0.000000 0.000000 1.000000 0.000000 -16.645247 13.665849 -9.294795 1.000000 
42 0.995102 -0.098854 0.000000 0.000000 0.098854 0.995102 0.000000 0.000000 0.000000 0.000000 1.000000 0.000000 -20.408043 14.743273 -7.345715 1.000000 
47 0.995102 -0.098854 0.000000 0.000000 0.098854 0.995102 0.000000 0.000000 0.000000 0.000000 1.000000 0.000000 -11.204016 12.523924 7.862882 1.000000 
52 0.995102 -0.098854 0.000000 0.000000 0.098854 0.995102 0.000000 0.000000 0.000000 0.000000 1.000000 0.000000 -6.410723 15.828057 5.120787 1.000000 
57 0.995102 -0.098854 0.000000 0.000000 0.098854 0.995102 0.000000 0.000000 0.000000 0.000000 1.000000 0.000000 -16.645247 13.665896 8.680267 1.000000 
62 0.995102 -0.098854 0.000000 0.000000 0.098854 0.995102 0.000000 0.000000 0.000000 0.000000 1.000000 0.000000 -20.408047 14.743248 6.731188 1.000000 
13 0.995102 -0.098854 0.000000 0.000000 0.098854 0.995102 0.000000 0.000000 0.000000 0.000000 1.000000 0.000000 -4.967637 15.304823 -0.307652 1.000000 
28 0.994892 -0.008652 0.100573 0.000000 0.012219 0.999316 -0.034910 0.000000 -0.100203 0.035960 0.994317 0.000000 -9.329358 14.234928 -12.046686 1.000000 
33 0.980651 -0.182974 0.069603 0.000000 0.185883 0.981842 -0.037863 0.000000 -0.061412 0.050068 0.996856 0.000000 -3.703315 16.871193 -7.605471 1.000000 
38 0.992923 0.011643 0.118191 0.000000 -0.021000 0.996714 0.078234 0.000000 -0.116892 -0.080163 0.989904 0.000000 -16.673956 15.109867 -14.941569 1.000000 
43 0.992254 -0.102330 0.070428 0.000000 0.096932 0.992368 0.076218 0.000000 -0.077690 -0.068801 0.994601 0.000000 -22.510130 14.841302 -13.078728 1.000000 
48 0.996635 -0.017052 -0.080171 0.000000 0.020245 0.999027 0.039178 0.000000 0.079425 -0.040669 0.996011 0.000000 -9.329357 14.234954 11.432197 1.000000 
53 0.988584 -0.143049 -0.047317 0.000000 0.144596 0.989003 0.031064 0.000000 0.042353 -0.037551 0.998397 0.000000 -3.703300 16.871227 6.990941 1.000000 
58 0.992836 0.014006 -0.118657 0.000000 -0.022515 0.997245 -0.070674 0.000000 0.117341 0.072840 0.990417 0.000000 -16.673964 15.109838 14.327006 1.000000 
63 0.992242 -0.098702 -0.075589 0.000000 0.092969 0.992769 -0.075944 0.000000 0.082539 0.068327 0.994243 0.000000 -22.510128 14.841283 12.464233 1.000000 
4 0.978986 -0.202643 -0.022834 0.000000 0.202552 0.979252 -0.006263 0.000000 0.023630 0.001507 0.999720 0.000000 6.020420 7.796160 5.961843 1.000000 
7 0.979883 0.189118 -0.063745 0.000000 -0.189447 0.981891 0.000908 0.000000 0.062762 0.011187 0.997966 0.000000 6.020426 7.796208 -6.579508 1.000000 
29 0.995082 -0.006754 0.098828 0.000000 0.002384 0.999017 0.044265 0.000000 -0.099029 -0.043811 0.994120 0.000000 4.009293 48.608025 -31.810339 1.000000 
34 0.998157 0.042974 0.042839 0.000000 -0.044236 0.998601 0.028976 0.000000 -0.041534 -0.030818 0.998662 0.000000 31.980396 37.483959 -18.219378 1.000000 
39 0.993061 0.018336 0.116161 0.000000 -0.024642 0.998286 0.053084 0.000000 -0.114988 -0.055578 0.991811 0.000000 -16.904068 44.069118 -30.454962 1.000000 
44 0.996971 -0.049788 0.059743 0.000000 0.047283 0.997972 0.042625 0.000000 -0.061744 -0.039671 0.997303 0.000000 -22.727459 64.782677 -25.779165 1.000000 
49 0.996926 0.016497 -0.076593 0.000000 -0.018040 0.999647 -0.019492 0.000000 0.076245 0.020813 0.996872 0.000000 3.900610 48.412514 31.603714 1.000000 
54 0.998831 0.038529 -0.029176 0.000000 -0.039052 0.999082 -0.017589 0.000000 0.028471 0.018708 0.999420 0.000000 30.872496 39.043110 18.116772 1.000000 
59 0.992955 0.019003 -0.116961 0.000000 -0.025202 0.998342 -0.051752 0.000000 0.115784 0.054335 0.991787 0.000000 -16.937889 43.950523 30.059275 1.000000 
64 0.996695 -0.048284 -0.065332 0.000000 0.045494 0.998015 -0.043537 0.000000 0.067305 0.040421 0.996913 0.000000 -22.842083 64.771927 25.204353 1.000000 
5 0.992467 -0.122351 -0.006344 0.000000 0.122332 0.992483 -0.003400 0.000000 0.006712 0.002599 0.999974 0.000000 5.805866 3.464416 6.155343 1.000000 
8 0.999501 -0.027137 -0.016190 0.000000 0.026882 0.999514 -0.015795 0.000000 0.016611 0.015352 0.999744 0.000000 7.496820 3.697497 -6.808181 1.000000 
30 0.995844 0.008412 0.090681 0.000000 -0.015125 0.997173 0.073598 0.000000 -0.089805 -0.074664 0.993157 0.000000 20.448090 47.775700 -51.855362 1.000000 
35 0.991446 0.129464 0.016572 0.000000 -0.130228 0.989710 0.059281 0.000000 -0.008727 -0.060932 0.998104 0.000000 69.395782 29.028471 -26.992290 1.000000 
40 0.993279 0.025276 0.112954 0.000000 -0.028354 0.999267 0.025727 0.000000 -0.112221 -0.028756 0.993267 0.000000 -19.067326 41.659252 -51.523750 1.000000 
45 0.999013 -0.005024 0.044141 0.000000 0.004471 0.999910 0.012621 0.000000 -0.044201 -0.012411 0.998946 0.000000 -41.482426 58.362843 -42.525780 1.000000 
50 0.997247 0.033899 -0.065955 0.000000 -0.037204 0.998078 -0.049552 0.000000 0.064148 0.051870 0.996591 0.000000 19.909912 47.418709 51.986156 1.000000 
55 0.993896 0.110220 -0.004676 0.000000 -0.110319 0.993049 -0.041024 0.000000 0.000122 0.041289 0.999147 0.000000 68.127594 30.298094 27.279659 1.000000 
60 0.993130 0.024317 -0.114463 0.000000 -0.028046 0.999123 -0.031079 0.000000 0.113607 0.034075 0.992941 0.000000 -19.082439 41.511917 51.126671 1.000000 
65 0.998760 -0.005436 -0.049482 0.000000 0.004663 0.999865 -0.015730 0.000000 0.049560 0.015480 0.998651 0.000000 -41.492397 58.334023 42.060658 1.000000 
31 0.995954 0.021549 0.087237 0.000000 -0.029300 0.995639 0.088566 0.000000 -0.084948 -0.090764 0.992243 0.000000 37.863495 33.089951 -65.715218 1.000000 
36 0.994376 0.105883 -0.002239 0.000000 -0.105476 0.992015 0.069151 0.000000 0.009543 -0.068526 0.997604 0.000000 97.649429 13.813762 -30.663107 1.000000 
41 0.993415 0.029838 0.110614 0.000000 -0.030839 0.999497 0.007348 0.000000 -0.110339 -0.010711 0.993836 0.000000 -22.325972 26.592867 -65.736526 1.000000 
46 0.999325 0.019705 0.031006 0.000000 -0.019590 0.999800 -0.004007 0.000000 -0.031079 0.003396 0.999511 0.000000 -61.684250 33.472050 -50.184662 1.000000 
51 0.996965 0.046612 -0.062358 0.000000 -0.050615 0.996651 -0.064228 0.000000 0.059156 0.067189 0.995985 0.000000 37.334202 32.800900 65.906540 1.000000 
56 0.995800 0.091005 0.010045 0.000000 -0.090414 0.994710 -0.048751 0.000000 -0.014429 0.047638 0.998760 0.000000 96.042198 14.461488 30.916607 1.000000 
61 0.993225 0.027375 -0.112935 0.000000 -0.029716 0.999376 -0.019091 0.000000 0.112342 0.022318 0.993419 0.000000 -22.326590 26.523596 65.425110 1.000000 
66 0.999156 0.018235 -0.036807 0.000000 -0.018243 0.999834 0.000111 0.000000 0.036803 0.000560 0.999322 0.000000 -61.659325 33.472462 49.904362 1.000000 
67 1.000000 0.000000 0.000000 0.000000 0.000000 1.000000 0.000000 0.000000 0.000000 0.000000 1.000000 0.000000 0.000000 83.070496 0.000000 1.000000 
68 1.000000 0.000000 0.000000 0.000000 0.000000 1.000000 0.000000 0.000000 0.000000 0.000000 1.000000 0.000000 -10.226984 0.232216 0.001319 1.000000 
69 1.000000 0.000000 0.000000 0.000000 0.000000 1.000000 0.000000 0.000000 0.000000 0.000000 1.000000 0.000000 -10.226978 70.730209 0.001320 1.000000 
70 1.000000 0.000000 0.000000 0.000000 0.000000 1.000000 0.000000 0.000000 0.000000 0.000000 1.000000 0.000000 -10.226987 0.232216 0.001319 1.000000 
71 1.000000 0.000000 0.000000 0.000000 0.000000 1.000000 0.000000 0.000000 0.000000 0.000000 1.000000 0.000000 -10.226987 0.232216 0.001319 1.000000 
72 1.000000 0.000000 0.000000 0.000000 0.000000 1.000000 0.000000 0.000000 0.000000 0.000000 1.000000 0.000000 115.125870 0.000000 -32.474308 1.000000 
73 1.000000 0.000000 0.000000 0.000000 0.000000 1.000000 0.000000 0.000000 0.000000 0.000000 1.000000 0.000000 62.749397 0.000000 -78.997215 1.000000 
74 1.000000 0.000000 0.000000 0.000000 0.000000 1.000000 0.000000 0.000000 0.000000 0.000000 1.000000 0.000000 1.802011 0.000000 -75.468254 1.000000 
75 1.000000 0.000000 0.000000 0.000000 0.000000 1.000000 0.000000 0.000000 0.000000 0.000000 1.000000 0.000000 -89.168083 0.000000 -51.799946 1.000000 
76 1.000000 0.000000 0.000000 0.000000 0.000000 1.000000 0.000000 0.000000 0.000000 0.000000 1.000000 0.000000 119.592667 0.000000 32.457558 1.000000 
77 1.000000 0.000000 0.000000 0.000000 0.000000 1.000000 0.000000 0.000000 0.000000 0.000000 1.000000 0.000000 55.606968 0.000000 78.943047 1.000000 
78 1.000000 0.000000 0.000000 0.000000 0.000000 1.000000 0.000000 0.000000 0.000000 0.000000 1.000000 0.000000 5.046760 0.000000 75.453720 1.000000 
79 1.000000 0.000000 0.000000 0.000000 0.000000 1.000000 0.000000 0.000000 0.000000 0.000000 1.000000 0.000000 -89.121231 0.000000 51.801723 1.000000 
80 1.000000 0.000000 0.000000 0.000000 0.000000 1.000000 0.000000 0.000000 0.000000 0.000000 1.000000 0.000000 132.160492 0.000000 -32.441174 1.000000 
81 1.000000 0.000000 0.000000 0.000000 0.000000 1.000000 0.000000 0.000000 0.000000 0.000000 1.000000 0.000000 68.761414 0.000000 -79.050568 1.000000 
82 1.000000 0.000000 0.000000 0.000000 0.000000 1.000000 0.000000 0.000000 0.000000 0.000000 1.000000 0.000000 13.905589 0.000000 -75.478256 1.000000 
83 1.000000 0.000000 0.000000 0.000000 0.000000 1.000000 0.000000 0.000000 0.000000 0.000000 1.000000 0.000000 -58.008385 0.000000 -51.798386 1.000000 
84 1.000000 0.000000 0.000000 0.000000 0.000000 1.000000 0.000000 0.000000 0.000000 0.000000 1.000000 0.000000 139.501648 0.000000 32.435669 1.000000 
85 1.000000 0.000000 0.000000 0.000000 0.000000 1.000000 0.000000 0.000000 0.000000 0.000000 1.000000 0.000000 59.696896 0.000000 78.963730 1.000000 
86 1.000000 0.000000 0.000000 0.000000 0.000000 1.000000 0.000000 0.000000 0.000000 0.000000 1.000000 0.000000 16.943512 0.000000 75.447723 1.000000 
87 1.000000 0.000000 0.000000 0.000000 0.000000 1.000000 0.000000 0.000000 0.000000 0.000000 1.000000 0.000000 -58.530979 0.000000 51.800949 1.000000 
10 0.999784 0.020778 0.000000 0.000000 -0.020778 0.999784 0.000000 0.000000 0.000000 0.000000 1.000000 0.000000 -59.708534 71.311859 -0.307351 1.000000 
11 1.144994 -0.789357 -0.001816 0.000000 0.789349 1.144994 -0.004600 0.000000 0.004106 0.002756 1.390711 0.000000 -72.120270 68.866859 1.163725 1.000000 
21 0.995102 -0.098854 0.000000 0.000000 0.098854 0.995102 0.000000 0.000000 0.000000 0.000000 1.000000 0.000000 -18.346596 47.309746 -0.307264 1.000000 
23 0.995102 -0.098854 0.000000 0.000000 0.098854 0.995102 0.000000 0.000000 0.000000 0.000000 1.000000 0.000000 -17.816927 17.536007 -0.307264 1.000000 
24 0.995102 -0.098854 0.000000 0.000000 0.098854 0.995102 0.000000 0.000000 0.000000 0.000000 1.000000 0.000000 -17.816925 17.536009 -0.307264 1.000000 
25 0.995102 -0.098854 0.000000 0.000000 0.098854 0.995102 0.000000 0.000000 0.000000 0.000000 1.000000 0.000000 -17.816925 17.536009 -0.307264 1.000000 
26 0.995102 -0.098854 0.000000 0.000000 0.098854 0.995102 0.000000 0.000000 0.000000 0.000000 1.000000 0.000000 -17.816925 17.536009 -0.307264 1.000000 
14 0.995102 -0.098854 0.000000 0.000000 0.098854 0.995102 0.000000 0.000000 0.000000 0.000000 1.000000 0.000000 0.431940 20.585346 -0.307261 1.000000 
15 0.995102 -0.098854 0.000000 0.000000 0.098854 0.995102 0.000000 0.000000 0.000000 0.000000 1.000000 0.000000 4.279503 13.231076 -0.307264 1.000000 
16 0.995102 -0.098854 0.000000 0.000000 0.098854 0.995102 0.000000 0.000000 0.000000 0.000000 1.000000 0.000000 2.750218 18.249846 -3.297841 1.000000 
17 0.995102 -0.098854 0.000000 0.000000 0.098854 0.995102 0.000000 0.000000 0.000000 0.000000 1.000000 0.000000 2.639141 18.357674 2.686264 1.000000 
18 0.995102 -0.098854 0.000000 0.000000 0.098854 0.995102 0.000000 0.000000 0.000000 0.000000 1.000000 0.000000 -4.967637 15.304823 -0.307652 1.000000 
19 0.995102 -0.098854 0.000000 0.000000 0.098854 0.995102 0.000000 0.000000 0.000000 0.000000 1.000000 0.000000 -4.967637 15.304823 -0.307652 1.000000 
20 0.995102 -0.098854 0.000000 0.000000 0.098854 0.995102 0.000000 0.000000 0.000000 0.000000 1.000000 0.000000 -4.967635 15.304823 -0.307651 1.000000 
22 0.995102 -0.098854 0.000000 0.000000 0.098854 0.995102 0.000000 0.000000 0.000000 0.000000 1.000000 0.000000 -18.395960 46.812851 -0.307264 1.000000 
[KEY]
