[FRAME_COUNT]
40
[DURATION]
1.666667
[BONE_COUNT]
87
[KEY]
1 1.000000 0.000000 0.000000 0.000000 0.000000 1.000000 0.000000 0.000000 0.000000 0.000000 1.000000 0.000000 -10.226984 0.232216 0.001319 1.000000 
2 1.000000 0.000000 0.000000 0.000000 0.000000 1.000000 0.000000 0.000000 0.000000 0.000000 1.000000 0.000000 -10.226984 0.232216 0.001319 1.000000 
3 1.000000 0.000000 0.000000 0.000000 0.000000 1.000000 0.000000 0.000000 0.000000 0.000000 1.000000 0.000000 11.098431 18.954062 2.718880 1.000000 
6 1.000000 0.000000 0.000000 0.000000 0.000000 1.000000 0.000000 0.000000 0.000000 0.000000 1.000000 0.000000 11.098417 18.954113 -2.730513 1.000000 
9 0.991326 0.131429 0.000000 0.000000 -0.131429 0.991326 0.000000 0.000000 0.000000 0.000000 1.000000 0.000000 -15.326487 19.633852 0.000921 1.000000 
12 1.000000 0.000000 0.000000 0.000000 0.000000 1.000000 0.000000 0.000000 0.000000 0.000000 1.000000 0.000000 -15.326487 19.633852 0.000921 1.000000 
27 1.000000 0.000000 0.000000 0.000000 0.000000 1.000000 0.000000 0.000000 0.000000 0.000000 1.000000 0.000000 -3.151001 15.872094 -8.168830 1.000000 
32 1.000000 0.000000 0.000000 0.000000 0.000000 1.000000 0.000000 0.000000 0.000000 0.000000 1.000000 0.000000 1.292232 19.633837 -5.426734 1.000000 
37 1.000000 0.000000 0.000000 0.000000 0.000000 1.000000 0.000000 0.000000 0.000000 0.000000 1.000000 0.000000 -8.678464 16.470507 -8.986213 1.000000 
42 1.000000 0.000000 0.000000 0.000000 0.000000 1.000000 0.000000 0.000000 0.000000 0.000000 1.000000 0.000000 -12.529337 17.170685 -7.037132 1.000000 
47 1.000000 0.000000 0.000000 0.000000 0.000000 1.000000 0.000000 0.000000 0.000000 0.000000 1.000000 0.000000 -3.150999 15.872065 8.171465 1.000000 
52 1.000000 0.000000 0.000000 0.000000 0.000000 1.000000 0.000000 0.000000 0.000000 0.000000 1.000000 0.000000 1.292188 19.633850 5.429370 1.000000 
57 1.000000 0.000000 0.000000 0.000000 0.000000 1.000000 0.000000 0.000000 0.000000 0.000000 1.000000 0.000000 -8.678467 16.470554 8.988850 1.000000 
62 1.000000 0.000000 0.000000 0.000000 0.000000 1.000000 0.000000 0.000000 0.000000 0.000000 1.000000 0.000000 -12.529338 17.170660 7.039771 1.000000 
13 1.000000 0.000000 0.000000 0.000000 0.000000 1.000000 0.000000 0.000000 0.000000 0.000000 1.000000 0.000000 2.779930 19.255835 0.000931 1.000000 
28 0.999992 -0.003966 0.000742 0.000000 0.003969 0.999981 -0.004698 0.000000 -0.000723 0.004701 0.999989 0.000000 -1.454664 17.760006 -11.738103 1.000000 
33 0.999999 0.001282 0.000000 0.000000 -0.001282 0.999999 0.000183 0.000000 0.000000 -0.000183 1.000000 0.000000 3.883216 20.939516 -7.296888 1.000000 
38 0.999997 0.002500 -0.000500 0.000000 -0.002505 0.999954 -0.009216 0.000000 0.000477 0.009217 0.999957 0.000000 -8.849779 17.904613 -14.632987 1.000000 
43 1.000000 0.000427 -0.000000 0.000000 -0.000427 1.000000 -0.000244 0.000000 -0.000000 0.000244 1.000000 0.000000 -14.630817 17.060434 -12.770145 1.000000 
48 0.999992 -0.004028 -0.000315 0.000000 0.004029 0.999981 0.004638 0.000000 0.000296 -0.004639 0.999989 0.000000 -1.454666 17.760031 11.740780 1.000000 
53 0.999999 0.001282 -0.000000 0.000000 -0.001282 0.999999 -0.000244 0.000000 -0.000000 0.000244 1.000000 0.000000 3.883228 20.939552 7.299524 1.000000 
58 0.999997 0.002500 0.000500 0.000000 -0.002505 0.999956 0.009094 0.000000 -0.000477 -0.009095 0.999959 0.000000 -8.849784 17.904585 14.635589 1.000000 
63 1.000000 0.000000 0.000000 0.000000 0.000000 1.000000 0.000000 0.000000 0.000000 0.000000 1.000000 0.000000 -14.630815 17.060415 12.772816 1.000000 
4 1.000000 0.000000 0.000000 0.000000 0.000000 1.000000 0.000000 0.000000 0.000000 0.000000 1.000000 0.000000 14.456429 12.870164 6.270426 1.000000 
7 1.000000 0.000000 0.000000 0.000000 0.000000 1.000000 0.000000 0.000000 0.000000 0.000000 1.000000 0.000000 14.456430 12.870213 -6.270925 1.000000 
29 0.999992 -0.003966 0.000742 0.000000 0.003968 0.999986 -0.003355 0.000000 -0.000728 0.003358 0.999994 0.000000 9.684689 52.825428 -31.646954 1.000000 
34 0.999999 0.001038 0.000000 0.000000 -0.001038 0.999999 0.000183 0.000000 0.000000 -0.000183 1.000000 0.000000 34.331142 48.254070 -19.031767 1.000000 
39 0.999998 0.002137 -0.000131 0.000000 -0.002138 0.999972 -0.007141 0.000000 0.000115 0.007141 0.999974 0.000000 -10.652314 45.391586 -32.537563 1.000000 
44 1.000000 0.000427 -0.000000 0.000000 -0.000427 1.000000 -0.000244 0.000000 -0.000000 0.000244 1.000000 0.000000 -20.872175 65.625031 -28.832985 1.000000 
49 0.999994 -0.003478 -0.000312 0.000000 0.003479 0.999987 0.003601 0.000000 0.000300 -0.003602 0.999993 0.000000 9.678398 52.825916 31.652239 1.000000 
54 0.999999 0.001038 -0.000000 0.000000 -0.001038 0.999999 -0.000244 0.000000 -0.000000 0.000244 1.000000 0.000000 34.331215 48.254665 19.032671 1.000000 
59 0.999997 0.002256 0.000498 0.000000 -0.002259 0.999973 0.006958 0.000000 -0.000482 -0.006959 0.999976 0.000000 -10.652305 45.393814 32.536766 1.000000 
64 1.000000 0.000000 0.000000 0.000000 0.000000 1.000000 0.000000 0.000000 0.000000 0.000000 1.000000 0.000000 -20.851460 65.631584 28.823818 1.000000 
5 1.000000 0.000000 0.000000 0.000000 0.000000 1.000000 0.000000 0.000000 0.000000 0.000000 1.000000 0.000000 15.119763 8.583627 6.452275 1.000000 
8 1.000000 0.000000 0.000000 0.000000 0.000000 1.000000 0.000000 0.000000 0.000000 0.000000 1.000000 0.000000 15.142559 8.565822 -6.452322 1.000000 
30 0.999993 -0.003660 0.000741 0.000000 0.003662 0.999989 -0.002806 0.000000 -0.000731 0.002809 0.999996 0.000000 24.076145 51.016548 -53.149132 1.000000 
35 1.000000 0.000854 0.000000 0.000000 -0.000854 1.000000 0.000183 0.000000 0.000000 -0.000183 1.000000 0.000000 70.949120 37.940910 -29.088259 1.000000 
40 0.999998 0.001955 0.000054 0.000000 -0.001955 0.999980 -0.005981 0.000000 -0.000065 0.005981 0.999982 0.000000 -15.287053 41.764446 -53.025219 1.000000 
45 1.000000 0.000427 -0.000000 0.000000 -0.000427 1.000000 -0.000244 0.000000 -0.000000 0.000244 1.000000 0.000000 -40.247787 57.605583 -44.119785 1.000000 
50 0.999995 -0.003174 -0.000128 0.000000 0.003174 0.999990 0.003051 0.000000 0.000118 -0.003052 0.999995 0.000000 24.061455 51.018864 53.160179 1.000000 
55 1.000000 0.000854 -0.000000 0.000000 -0.000854 1.000000 -0.000244 0.000000 -0.000000 0.000244 1.000000 0.000000 70.949226 37.942051 29.089857 1.000000 
60 0.999997 0.002256 0.000498 0.000000 -0.002259 0.999981 0.005737 0.000000 -0.000485 -0.005738 0.999983 0.000000 -15.294186 41.769905 53.023376 1.000000 
65 1.000000 0.000000 0.000000 0.000000 0.000000 1.000000 0.000000 0.000000 0.000000 0.000000 1.000000 0.000000 -40.230537 57.624107 44.112617 1.000000 
31 0.999994 -0.003416 0.000740 0.000000 0.003418 0.999991 -0.002562 0.000000 -0.000731 0.002565 0.999996 0.000000 39.990768 34.990593 -67.325058 1.000000 
36 1.000000 0.000854 0.000000 0.000000 -0.000854 1.000000 0.000183 0.000000 0.000000 -0.000183 1.000000 0.000000 96.946678 19.008490 -32.075081 1.000000 
41 0.999998 0.001955 0.000054 0.000000 -0.001955 0.999984 -0.005371 0.000000 -0.000064 0.005371 0.999986 0.000000 -20.479162 26.346292 -66.251717 1.000000 
46 1.000000 0.000427 -0.000000 0.000000 -0.000427 1.000000 -0.000244 0.000000 -0.000000 0.000244 1.000000 0.000000 -60.631977 32.519764 -50.562614 1.000000 
51 0.999996 -0.002930 -0.000127 0.000000 0.002930 0.999992 0.002746 0.000000 0.000119 -0.002747 0.999996 0.000000 39.975174 34.997158 67.341927 1.000000 
56 1.000000 0.000854 -0.000000 0.000000 -0.000854 1.000000 -0.000244 0.000000 -0.000000 0.000244 1.000000 0.000000 96.947113 19.009739 32.077862 1.000000 
61 0.999997 0.002256 0.000498 0.000000 -0.002259 0.999985 0.005066 0.000000 -0.000486 -0.005067 0.999987 0.000000 -20.488979 26.353422 66.250839 1.000000 
66 1.000000 0.000000 0.000000 0.000000 0.000000 1.000000 0.000000 0.000000 0.000000 0.000000 1.000000 0.000000 -60.625427 32.548477 50.561409 1.000000 
67 1.000000 0.000000 0.000000 0.000000 0.000000 1.000000 0.000000 0.000000 0.000000 0.000000 1.000000 0.000000 0.000000 83.070496 0.000000 1.000000 
68 1.000000 0.000000 0.000000 0.000000 0.000000 1.000000 0.000000 0.000000 0.000000 0.000000 1.000000 0.000000 -10.226984 0.232216 0.001319 1.000000 
69 1.000000 0.000000 0.000000 0.000000 0.000000 1.000000 0.000000 0.000000 0.000000 0.000000 1.000000 0.000000 -10.226978 70.730209 0.001320 1.000000 
70 1.000000 0.000000 0.000000 0.000000 0.000000 1.000000 0.000000 0.000000 0.000000 0.000000 1.000000 0.000000 -10.226987 0.232216 0.001319 1.000000 
71 1.000000 0.000000 0.000000 0.000000 0.000000 1.000000 0.000000 0.000000 0.000000 0.000000 1.000000 0.000000 -10.226987 0.232216 0.001319 1.000000 
72 1.000000 0.000000 0.000000 0.000000 0.000000 1.000000 0.000000 0.000000 0.000000 0.000000 1.000000 0.000000 115.125870 0.000000 -32.474308 1.000000 
73 1.000000 0.000000 0.000000 0.000000 0.000000 1.000000 0.000000 0.000000 0.000000 0.000000 1.000000 0.000000 62.749397 0.000000 -78.997215 1.000000 
74 1.000000 0.000000 0.000000 0.000000 0.000000 1.000000 0.000000 0.000000 0.000000 0.000000 1.000000 0.000000 1.802011 0.000000 -75.468254 1.000000 
75 1.000000 0.000000 0.000000 0.000000 0.000000 1.000000 0.000000 0.000000 0.000000 0.000000 1.000000 0.000000 -89.168083 0.000000 -51.799946 1.000000 
76 1.000000 0.000000 0.000000 0.000000 0.000000 1.000000 0.000000 0.000000 0.000000 0.000000 1.000000 0.000000 119.592667 0.000000 32.457558 1.000000 
77 1.000000 0.000000 0.000000 0.000000 0.000000 1.000000 0.000000 0.000000 0.000000 0.000000 1.000000 0.000000 55.606968 0.000000 78.943047 1.000000 
78 1.000000 0.000000 0.000000 0.000000 0.000000 1.000000 0.000000 0.000000 0.000000 0.000000 1.000000 0.000000 5.046760 0.000000 75.453720 1.000000 
79 1.000000 0.000000 0.000000 0.000000 0.000000 1.000000 0.000000 0.000000 0.000000 0.000000 1.000000 0.000000 -89.121231 0.000000 51.801723 1.000000 
80 1.000000 0.000000 0.000000 0.000000 0.000000 1.000000 0.000000 0.000000 0.000000 0.000000 1.000000 0.000000 132.160492 0.000000 -32.441174 1.000000 
81 1.000000 0.000000 0.000000 0.000000 0.000000 1.000000 0.000000 0.000000 0.000000 0.000000 1.000000 0.000000 68.761414 0.000000 -79.050568 1.000000 
82 1.000000 0.000000 0.000000 0.000000 0.000000 1.000000 0.000000 0.000000 0.000000 0.000000 1.000000 0.000000 13.905589 0.000000 -75.478256 1.000000 
83 1.000000 0.000000 0.000000 0.000000 0.000000 1.000000 0.000000 0.000000 0.000000 0.000000 1.000000 0.000000 -58.008385 0.000000 -51.798386 1.000000 
84 1.000000 0.000000 0.000000 0.000000 0.000000 1.000000 0.000000 0.000000 0.000000 0.000000 1.000000 0.000000 139.501648 0.000000 32.435669 1.000000 
85 1.000000 0.000000 0.000000 0.000000 0.000000 1.000000 0.000000 0.000000 0.000000 0.000000 1.000000 0.000000 59.696896 0.000000 78.963730 1.000000 
86 1.000000 0.000000 0.000000 0.000000 0.000000 1.000000 0.000000 0.000000 0.000000 0.000000 1.000000 0.000000 16.943512 0.000000 75.447723 1.000000 
87 1.000000 0.000000 0.000000 0.000000 0.000000 1.000000 0.000000 0.000000 0.000000 0.000000 1.000000 0.000000 -58.530979 0.000000 51.800949 1.000000 
10 0.991326 0.131429 0.000000 0.000000 -0.131429 0.991326 0.000000 0.000000 0.000000 0.000000 1.000000 0.000000 -57.826370 69.070145 0.001232 1.000000 
11 1.225407 -0.657629 -0.001816 0.000000 0.657621 1.225405 -0.004600 0.000000 0.003775 0.003194 1.390711 0.000000 -69.890770 65.264961 1.472308 1.000000 
21 1.000000 0.000000 0.000000 0.000000 0.000000 1.000000 0.000000 0.000000 0.000000 0.000000 1.000000 0.000000 -13.697318 49.781429 0.001319 1.000000 
23 1.000000 0.000000 0.000000 0.000000 0.000000 1.000000 0.000000 0.000000 0.000000 0.000000 1.000000 0.000000 -10.226986 20.205885 0.001319 1.000000 
24 1.000000 0.000000 0.000000 0.000000 0.000000 1.000000 0.000000 0.000000 0.000000 0.000000 1.000000 0.000000 -10.226984 20.205885 0.001319 1.000000 
25 1.000000 0.000000 0.000000 0.000000 0.000000 1.000000 0.000000 0.000000 0.000000 0.000000 1.000000 0.000000 -10.226984 20.205885 0.001319 1.000000 
26 1.000000 0.000000 0.000000 0.000000 0.000000 1.000000 0.000000 0.000000 0.000000 0.000000 1.000000 0.000000 -10.226984 20.205885 0.001319 1.000000 
14 1.000000 0.000000 0.000000 0.000000 0.000000 1.000000 0.000000 0.000000 0.000000 0.000000 1.000000 0.000000 7.631057 25.044264 0.001322 1.000000 
15 1.000000 0.000000 0.000000 0.000000 0.000000 1.000000 0.000000 0.000000 0.000000 0.000000 1.000000 0.000000 12.186775 18.106363 0.001319 1.000000 
16 1.000000 0.000000 0.000000 0.000000 0.000000 1.000000 0.000000 0.000000 0.000000 0.000000 1.000000 0.000000 10.168854 22.949373 -2.989258 1.000000 
17 1.000000 0.000000 0.000000 0.000000 0.000000 1.000000 0.000000 0.000000 0.000000 0.000000 1.000000 0.000000 10.047662 23.045694 2.994847 1.000000 
18 1.000000 0.000000 0.000000 0.000000 0.000000 1.000000 0.000000 0.000000 0.000000 0.000000 1.000000 0.000000 2.779929 19.255835 0.000931 1.000000 
19 1.000000 0.000000 0.000000 0.000000 0.000000 1.000000 0.000000 0.000000 0.000000 0.000000 1.000000 0.000000 2.779929 19.255835 0.000931 1.000000 
20 1.000000 0.000000 0.000000 0.000000 0.000000 1.000000 0.000000 0.000000 0.000000 0.000000 1.000000 0.000000 2.779932 19.255835 0.000932 1.000000 
22 1.000000 0.000000 0.000000 0.000000 0.000000 1.000000 0.000000 0.000000 0.000000 0.000000 1.000000 0.000000 -13.697319 49.282085 0.001319 1.000000 
[KEY]
1 1.000000 0.000000 0.000000 0.000000 0.000000 1.000000 0.000000 0.000000 0.000000 0.000000 1.000000 0.000000 -10.226984 0.232216 0.001319 1.000000 
2 0.995047 -0.098371 -0.014325 0.000000 0.097853 0.994646 -0.033235 0.000000 0.017518 0.031668 0.999345 0.000000 -15.315823 -4.740593 2.053722 1.000000 
3 0.998437 0.055660 -0.005049 0.000000 -0.055803 0.997826 -0.035075 0.000000 0.003086 0.035302 0.999372 0.000000 8.053501 13.528401 3.946048 1.000000 
6 0.998437 0.055660 -0.005049 0.000000 -0.055803 0.997826 -0.035075 0.000000 0.003086 0.035302 0.999372 0.000000 8.007194 13.349959 -1.499738 1.000000 
9 0.997522 -0.069596 -0.010298 0.000000 0.068829 0.995702 -0.061962 0.000000 0.014566 0.061100 0.998025 0.000000 -18.491564 15.058794 1.481566 1.000000 
12 0.995047 -0.098371 -0.014325 0.000000 0.097853 0.994646 -0.033235 0.000000 0.017518 0.031668 0.999345 0.000000 -18.491564 15.058794 1.481566 1.000000 
27 0.995047 -0.098371 -0.014325 0.000000 0.097853 0.994646 -0.033235 0.000000 0.017518 0.031668 0.999345 0.000000 -6.887604 9.860736 -6.732228 1.000000 
32 0.995047 -0.098371 -0.014325 0.000000 0.097853 0.994646 -0.033235 0.000000 0.017518 0.031668 0.999345 0.000000 -2.050246 13.252090 -4.180601 1.000000 
37 0.995047 -0.098371 -0.014325 0.000000 0.097853 0.994646 -0.033235 0.000000 0.017518 0.031668 0.999345 0.000000 -12.343449 10.973804 -7.489781 1.000000 
42 0.995047 -0.098371 -0.014325 0.000000 0.097853 0.994646 -0.033235 0.000000 0.017518 0.031668 0.999345 0.000000 -16.072588 12.110772 -5.510083 1.000000 
47 0.995047 -0.098371 -0.014325 0.000000 0.097853 0.994646 -0.033235 0.000000 0.017518 0.031668 0.999345 0.000000 -6.601356 10.378178 9.597363 1.000000 
52 0.995047 -0.098371 -0.014325 0.000000 0.097853 0.994646 -0.033235 0.000000 0.017518 0.031668 0.999345 0.000000 -1.860111 13.595903 6.668392 1.000000 
57 0.995047 -0.098371 -0.014325 0.000000 0.097853 0.994646 -0.033235 0.000000 0.017518 0.031668 0.999345 0.000000 -12.028561 11.543093 10.473504 1.000000 
62 0.995047 -0.098371 -0.014325 0.000000 0.097853 0.994646 -0.033235 0.000000 0.017518 0.031668 0.999345 0.000000 -15.825994 12.556540 8.557599 1.000000 
13 0.998437 0.055660 -0.005049 0.000000 -0.055803 0.997826 -0.035075 0.000000 0.003086 0.035302 0.999372 0.000000 -0.511824 12.901649 1.234760 1.000000 
28 0.998906 0.022353 0.041071 0.000000 -0.022976 0.999627 0.014772 0.000000 -0.040726 -0.015700 0.999047 0.000000 -5.077457 11.458635 -10.386209 1.000000 
33 0.999947 -0.000594 0.010267 0.000000 0.000607 0.999999 -0.001288 0.000000 -0.010266 0.001294 0.999946 0.000000 0.622909 14.236674 -6.130040 1.000000 
38 0.997375 -0.036210 0.062710 0.000000 0.030623 0.995661 0.087876 0.000000 -0.065620 -0.085725 0.994156 0.000000 -12.472504 12.238259 -13.178064 1.000000 
43 0.991282 -0.115867 0.062736 0.000000 0.115520 0.993263 0.009142 0.000000 -0.063372 -0.001815 0.997988 0.000000 -18.274879 12.026281 -11.205572 1.000000 
48 0.998544 0.039339 -0.036917 0.000000 -0.040513 0.998679 -0.031619 0.000000 0.035625 0.033069 0.998818 0.000000 -4.666155 12.202200 13.077292 1.000000 
53 0.999709 0.010409 -0.021753 0.000000 -0.010383 0.999945 0.001320 0.000000 0.021766 -0.001094 0.999762 0.000000 0.878623 14.698955 8.456809 1.000000 
58 0.994843 -0.082118 -0.059533 0.000000 0.075598 0.991643 -0.104544 0.000000 0.067620 0.099505 0.992737 0.000000 -11.959786 13.165120 16.071339 1.000000 
63 0.993756 -0.108520 -0.025939 0.000000 0.107852 0.993829 -0.025905 0.000000 0.028590 0.022946 0.999328 0.000000 -17.827417 12.835167 14.320657 1.000000 
4 0.986069 -0.143237 -0.084562 0.000000 0.140932 0.989481 -0.032650 0.000000 0.088349 0.020277 0.995883 0.000000 11.756712 7.770013 7.691798 1.000000 
7 0.997474 -0.053409 0.046835 0.000000 0.055924 0.996966 -0.054138 0.000000 -0.043802 0.056620 0.997434 0.000000 11.688533 7.341211 -4.841491 1.000000 
29 0.998911 0.023465 0.040335 0.000000 -0.025832 0.997912 0.059204 0.000000 -0.038861 -0.060182 0.997431 0.000000 5.891559 47.203663 -29.148003 1.000000 
34 0.998321 0.057764 0.004285 0.000000 -0.057833 0.998160 0.018246 0.000000 -0.003224 -0.018464 0.999824 0.000000 31.241287 41.476715 -17.591429 1.000000 
39 0.997415 -0.035329 0.062575 0.000000 0.029960 0.995952 0.084751 0.000000 -0.065315 -0.082657 0.994435 0.000000 -12.187673 41.349098 -28.404177 1.000000 
44 0.994088 -0.092597 0.056698 0.000000 0.093075 0.995642 -0.005850 0.000000 -0.055909 0.011093 0.998374 0.000000 -17.813103 61.020134 -27.170469 1.000000 
49 0.998426 0.042305 -0.036820 0.000000 -0.043662 0.998365 -0.036885 0.000000 0.035199 0.038434 0.998641 0.000000 5.580815 48.443436 31.287182 1.000000 
54 0.998354 0.054488 -0.017892 0.000000 -0.054694 0.998440 -0.011217 0.000000 0.017253 0.012177 0.999777 0.000000 31.325079 42.275120 19.566734 1.000000 
59 0.995845 -0.071623 -0.056232 0.000000 0.067951 0.995588 -0.064702 0.000000 0.060619 0.060612 0.996319 0.000000 -10.391465 42.487335 30.805897 1.000000 
64 0.996780 -0.078042 -0.018421 0.000000 0.077913 0.996931 -0.007586 0.000000 0.018957 0.006126 0.999802 0.000000 -18.311800 62.149994 29.263988 1.000000 
5 0.997984 0.035997 -0.052276 0.000000 -0.036919 0.999177 -0.016785 0.000000 0.051629 0.018681 0.998492 0.000000 11.822761 3.437241 7.956760 1.000000 
8 0.994973 0.097383 0.023366 0.000000 -0.095583 0.993053 -0.068623 0.000000 -0.029887 0.066045 0.997369 0.000000 12.140154 3.002963 -4.757257 1.000000 
30 0.998783 0.035864 0.033872 0.000000 -0.038596 0.995736 0.083786 0.000000 -0.030722 -0.084991 0.995908 0.000000 21.138083 47.160091 -50.130646 1.000000 
35 0.996318 0.085597 -0.004836 0.000000 -0.085423 0.995925 0.028922 0.000000 0.007291 -0.028402 0.999570 0.000000 68.418243 33.443001 -27.676289 1.000000 
40 0.997391 -0.035584 0.062813 0.000000 0.030096 0.995819 0.086247 0.000000 -0.065619 -0.084132 0.994292 0.000000 -15.579616 39.751823 -49.388088 1.000000 
45 0.996044 -0.073943 0.049278 0.000000 0.074930 0.997017 -0.018502 0.000000 -0.047763 0.022121 0.998614 0.000000 -36.968082 54.672447 -43.486275 1.000000 
50 0.998328 0.046557 -0.034267 0.000000 -0.048057 0.997861 -0.044320 0.000000 0.032130 0.045893 0.998430 0.000000 20.771492 48.202133 52.308941 1.000000 
55 0.996884 0.078332 -0.009306 0.000000 -0.078498 0.996730 -0.019172 0.000000 0.007774 0.019843 0.999773 0.000000 68.611839 34.055305 29.080294 1.000000 
60 0.996849 -0.060725 -0.051030 0.000000 0.059652 0.997970 -0.022297 0.000000 0.052280 0.019183 0.998448 0.000000 -14.004378 40.607544 51.729431 1.000000 
65 0.998900 -0.046550 -0.005706 0.000000 0.046615 0.998843 0.011823 0.000000 0.005149 -0.012076 0.999914 0.000000 -37.962540 55.773121 44.967484 1.000000 
31 0.998367 0.048071 0.030866 0.000000 -0.050896 0.993841 0.098431 0.000000 -0.025945 -0.099842 0.994665 0.000000 38.133316 33.082405 -65.098747 1.000000 
36 0.996940 0.077408 -0.010902 0.000000 -0.077023 0.996512 0.032123 0.000000 0.013351 -0.031185 0.999424 0.000000 95.901398 16.873722 -31.332211 1.000000 
41 0.997388 -0.035660 0.062806 0.000000 0.030120 0.995750 0.087036 0.000000 -0.065643 -0.084917 0.994223 0.000000 -20.376348 25.793653 -64.280319 1.000000 
46 0.997034 -0.063560 0.043405 0.000000 0.064715 0.997572 -0.025720 0.000000 -0.041665 0.028453 0.998726 0.000000 -58.853207 31.037102 -50.467373 1.000000 
51 0.998196 0.049950 -0.033305 0.000000 -0.051528 0.997501 -0.048346 0.000000 0.030807 0.049975 0.998275 0.000000 37.930191 33.704788 66.677986 1.000000 
56 0.997444 0.071325 -0.004207 0.000000 -0.071401 0.997205 -0.022011 0.000000 0.002626 0.022255 0.999749 0.000000 96.023727 17.256430 32.184631 1.000000 
61 0.997279 -0.055649 -0.048347 0.000000 0.055614 0.998450 -0.002069 0.000000 0.048387 -0.000625 0.998828 0.000000 -19.428995 25.882736 65.635300 1.000000 
66 0.999472 -0.032425 0.002285 0.000000 0.032371 0.999259 0.020847 0.000000 -0.002959 -0.020762 0.999780 0.000000 -59.470692 31.598017 51.235615 1.000000 
67 1.000000 0.000000 0.000000 0.000000 0.000000 1.000000 0.000000 0.000000 0.000000 0.000000 1.000000 0.000000 0.000000 83.070496 0.000000 1.000000 
68 1.000000 0.000000 0.000000 0.000000 0.000000 1.000000 0.000000 0.000000 0.000000 0.000000 1.000000 0.000000 -10.226984 0.232216 0.001319 1.000000 
69 1.000000 0.000000 0.000000 0.000000 0.000000 1.000000 0.000000 0.000000 0.000000 0.000000 1.000000 0.000000 -10.226978 70.730209 0.001320 1.000000 
70 1.000000 0.000000 0.000000 0.000000 0.000000 1.000000 0.000000 0.000000 0.000000 0.000000 1.000000 0.000000 -10.226987 0.232216 0.001319 1.000000 
71 1.000000 0.000000 0.000000 0.000000 0.000000 1.000000 0.000000 0.000000 0.000000 0.000000 1.000000 0.000000 -10.226987 0.232216 0.001319 1.000000 
72 1.000000 0.000000 0.000000 0.000000 0.000000 1.000000 0.000000 0.000000 0.000000 0.000000 1.000000 0.000000 115.125870 0.000000 -32.474308 1.000000 
73 1.000000 0.000000 0.000000 0.000000 0.000000 1.000000 0.000000 0.000000 0.000000 0.000000 1.000000 0.000000 62.749397 0.000000 -78.997215 1.000000 
74 1.000000 0.000000 0.000000 0.000000 0.000000 1.000000 0.000000 0.000000 0.000000 0.000000 1.000000 0.000000 1.802011 0.000000 -75.468254 1.000000 
75 1.000000 0.000000 0.000000 0.000000 0.000000 1.000000 0.000000 0.000000 0.000000 0.000000 1.000000 0.000000 -89.168083 0.000000 -51.799946 1.000000 
76 1.000000 0.000000 0.000000 0.000000 0.000000 1.000000 0.000000 0.000000 0.000000 0.000000 1.000000 0.000000 119.592667 0.000000 32.457558 1.000000 
77 1.000000 0.000000 0.000000 0.000000 0.000000 1.000000 0.000000 0.000000 0.000000 0.000000 1.000000 0.000000 55.606968 0.000000 78.943047 1.000000 
78 1.000000 0.000000 0.000000 0.000000 0.000000 1.000000 0.000000 0.000000 0.000000 0.000000 1.000000 0.000000 5.046760 0.000000 75.453720 1.000000 
79 1.000000 0.000000 0.000000 0.000000 0.000000 1.000000 0.000000 0.000000 0.000000 0.000000 1.000000 0.000000 -89.121231 0.000000 51.801723 1.000000 
80 1.000000 0.000000 0.000000 0.000000 0.000000 1.000000 0.000000 0.000000 0.000000 0.000000 1.000000 0.000000 132.160492 0.000000 -32.441174 1.000000 
81 1.000000 0.000000 0.000000 0.000000 0.000000 1.000000 0.000000 0.000000 0.000000 0.000000 1.000000 0.000000 68.761414 0.000000 -79.050568 1.000000 
82 1.000000 0.000000 0.000000 0.000000 0.000000 1.000000 0.000000 0.000000 0.000000 0.000000 1.000000 0.000000 13.905589 0.000000 -75.478256 1.000000 
83 1.000000 0.000000 0.000000 0.000000 0.000000 1.000000 0.000000 0.000000 0.000000 0.000000 1.000000 0.000000 -58.008385 0.000000 -51.798386 1.000000 
84 1.000000 0.000000 0.000000 0.000000 0.000000 1.000000 0.000000 0.000000 0.000000 0.000000 1.000000 0.000000 139.501648 0.000000 32.435669 1.000000 
85 1.000000 0.000000 0.000000 0.000000 0.000000 1.000000 0.000000 0.000000 0.000000 0.000000 1.000000 0.000000 59.696896 0.000000 78.963730 1.000000 
86 1.000000 0.000000 0.000000 0.000000 0.000000 1.000000 0.000000 0.000000 0.000000 0.000000 1.000000 0.000000 16.943512 0.000000 75.447723 1.000000 
87 1.000000 0.000000 0.000000 0.000000 0.000000 1.000000 0.000000 0.000000 0.000000 0.000000 1.000000 0.000000 -58.530979 0.000000 51.800949 1.000000 
10 0.997522 -0.069596 -0.010298 0.000000 0.068829 0.995702 -0.061962 0.000000 0.014566 0.061100 0.998025 0.000000 -50.279541 71.897324 -1.533872 1.000000 
11 1.069567 -0.888123 0.036942 0.000000 0.888551 1.066636 -0.082878 0.000000 0.024593 0.087342 1.387757 0.000000 -62.837597 70.677185 0.198102 1.000000 
21 0.995047 -0.098371 -0.014325 0.000000 0.097853 0.994646 -0.033235 0.000000 0.017518 0.031668 0.999345 0.000000 -13.920424 44.884701 0.456677 1.000000 
23 0.995047 -0.098371 -0.014325 0.000000 0.097853 0.994646 -0.033235 0.000000 0.017518 0.031668 0.999345 0.000000 -13.361340 15.126131 1.389901 1.000000 
24 0.995047 -0.098371 -0.014325 0.000000 0.097853 0.994646 -0.033235 0.000000 0.017518 0.031668 0.999345 0.000000 -13.361338 15.126133 1.389901 1.000000 
25 0.995047 -0.098371 -0.014325 0.000000 0.097853 0.994646 -0.033235 0.000000 0.017518 0.031668 0.999345 0.000000 -13.361338 15.126133 1.389901 1.000000 
26 0.995047 -0.098371 -0.014325 0.000000 0.097853 0.994646 -0.033235 0.000000 0.017518 0.031668 0.999345 0.000000 -13.361338 15.126133 1.389901 1.000000 
14 0.998437 0.055660 -0.005049 0.000000 -0.055803 0.997826 -0.035075 0.000000 0.003086 0.035302 0.999372 0.000000 4.008711 18.947517 1.007629 1.000000 
15 0.998437 0.055660 -0.005049 0.000000 -0.055803 0.997826 -0.035075 0.000000 0.003086 0.035302 0.999372 0.000000 8.944464 12.278275 1.227967 1.000000 
16 0.998437 0.055660 -0.005049 0.000000 -0.055803 0.997826 -0.035075 0.000000 0.003086 0.035302 0.999372 0.000000 6.650214 16.892864 -1.920409 1.000000 
17 0.998437 0.055660 -0.005049 0.000000 -0.055803 0.997826 -0.035075 0.000000 0.003086 0.035302 0.999372 0.000000 6.542303 17.193480 4.057170 1.000000 
18 0.998437 0.055660 -0.005049 0.000000 -0.055803 0.997826 -0.035075 0.000000 0.003086 0.035302 0.999372 0.000000 -0.511824 12.901649 1.234760 1.000000 
19 0.998437 0.055660 -0.005049 0.000000 -0.055803 0.997826 -0.035075 0.000000 0.003086 0.035302 0.999372 0.000000 -0.511824 12.901649 1.234760 1.000000 
20 0.998437 0.055660 -0.005049 0.000000 -0.055803 0.997826 -0.035075 0.000000 0.003086 0.035302 0.999372 0.000000 -0.511822 12.901649 1.234761 1.000000 
22 0.995047 -0.098371 -0.014325 0.000000 0.097853 0.994646 -0.033235 0.000000 0.017518 0.031668 0.999345 0.000000 -13.969287 44.388035 0.473272 1.000000 
[KEY]
1 1.000000 0.000000 0.000000 0.000000 0.000000 1.000000 0.000000 0.000000 0.000000 0.000000 1.000000 0.000000 -10.226984 0.232216 0.001319 1.000000 
2 0.959000 -0.282983 -0.015505 0.000000 0.280861 0.956277 -0.081558 0.000000 0.037906 0.073859 0.996548 0.000000 -22.615026 -5.696053 4.606987 1.000000 
3 0.996183 0.086697 -0.010106 0.000000 -0.087233 0.992869 -0.081253 0.000000 0.002990 0.081825 0.996642 0.000000 4.131568 9.037846 5.502424 1.000000 
6 0.996183 0.086697 -0.010106 0.000000 -0.087233 0.992869 -0.081253 0.000000 0.002990 0.081825 0.996642 0.000000 4.006634 8.613022 0.071755 1.000000 
9 0.956924 -0.290321 -0.003149 0.000000 0.287719 0.949688 -0.123738 0.000000 0.038914 0.117502 0.992310 0.000000 -22.056307 14.300326 3.103306 1.000000 
12 0.959000 -0.282983 -0.015505 0.000000 0.280861 0.956277 -0.081558 0.000000 0.037906 0.073859 0.996548 0.000000 -22.056307 14.300326 3.103306 1.000000 
27 0.959000 -0.282983 -0.015505 0.000000 0.280861 0.956277 -0.081558 0.000000 0.037906 0.073859 0.996548 0.000000 -11.746236 6.654182 -4.920222 1.000000 
32 0.959000 -0.282983 -0.015505 0.000000 0.280861 0.956277 -0.081558 0.000000 0.037906 0.073859 0.996548 0.000000 -6.324708 9.196621 -2.563283 1.000000 
37 0.959000 -0.282983 -0.015505 0.000000 0.280861 0.956277 -0.081558 0.000000 0.037906 0.073859 0.996548 0.000000 -16.909983 8.730236 -5.697886 1.000000 
42 0.959000 -0.282983 -0.015505 0.000000 0.280861 0.956277 -0.081558 0.000000 0.037906 0.073859 0.996548 0.000000 -20.332434 10.633488 -3.752931 1.000000 
47 0.959000 -0.282983 -0.015505 0.000000 0.280861 0.956277 -0.081558 0.000000 0.037906 0.073859 0.996548 0.000000 -11.126841 7.861031 11.363668 1.000000 
52 0.959000 -0.282983 -0.015505 0.000000 0.280861 0.956277 -0.081558 0.000000 0.037906 0.073859 0.996548 0.000000 -5.913231 9.998467 8.255346 1.000000 
57 0.959000 -0.282983 -0.015505 0.000000 0.280861 0.956277 -0.081558 0.000000 0.037906 0.073859 0.996548 0.000000 -16.228603 10.057902 12.215123 1.000000 
62 0.959000 -0.282983 -0.015505 0.000000 0.280861 0.956277 -0.081558 0.000000 0.037906 0.073859 0.996548 0.000000 -19.798838 11.673170 10.275381 1.000000 
13 0.996183 0.086697 -0.010106 0.000000 -0.087233 0.992869 -0.081253 0.000000 0.002990 0.081825 0.996642 0.000000 -4.798429 8.815034 2.853408 1.000000 
28 0.995353 0.013323 0.095365 0.000000 -0.012770 0.999898 -0.006405 0.000000 -0.095441 0.005158 0.995422 0.000000 -9.724507 7.715892 -8.657450 1.000000 
33 0.998161 -0.054578 0.026392 0.000000 0.054936 0.998405 -0.013051 0.000000 -0.025638 0.014476 0.999566 0.000000 -3.544132 9.573880 -4.573642 1.000000 
38 0.986417 -0.085111 0.140490 0.000000 0.069096 0.990938 0.115188 0.000000 -0.149020 -0.103917 0.983359 0.000000 -16.885540 9.733054 -11.439473 1.000000 
43 0.967909 -0.202944 0.148212 0.000000 0.209211 0.977474 -0.027833 0.000000 -0.139225 0.057947 0.988564 0.000000 -22.596037 10.699306 -9.424579 1.000000 
48 0.994834 0.050179 -0.088249 0.000000 -0.052875 0.998195 -0.028481 0.000000 0.086661 0.033000 0.995691 0.000000 -8.834502 9.450043 14.740383 1.000000 
53 0.998188 -0.027260 -0.053636 0.000000 0.027945 0.999537 0.012053 0.000000 0.053282 -0.013530 0.998488 0.000000 -2.990814 10.651987 9.972381 1.000000 
58 0.966506 -0.210200 -0.147250 0.000000 0.188061 0.970482 -0.150990 0.000000 0.174642 0.118240 0.977507 0.000000 -15.776087 11.894773 17.728069 1.000000 
63 0.979511 -0.188763 -0.070192 0.000000 0.189360 0.981906 0.001896 0.000000 0.068564 -0.015149 0.997532 0.000000 -21.627798 12.585864 16.030210 1.000000 
4 0.843620 -0.501419 -0.192054 0.000000 0.487802 0.865194 -0.116140 0.000000 0.224399 0.004294 0.974488 0.000000 8.018085 3.579067 9.502444 1.000000 
7 0.933149 -0.309097 0.183551 0.000000 0.332198 0.936575 -0.111672 0.000000 -0.137392 0.165182 0.976646 0.000000 7.871963 2.573943 -2.996370 1.000000 
29 0.995624 0.016135 0.092044 0.000000 -0.025935 0.993996 0.106296 0.000000 -0.089776 -0.108218 0.990065 0.000000 2.645487 42.959293 -27.496696 1.000000 
34 0.994934 0.099946 0.010840 0.000000 -0.100287 0.994245 0.037667 0.000000 -0.007013 -0.038563 0.999232 0.000000 28.681993 34.970078 -15.859850 1.000000 
39 0.986441 -0.084684 0.140580 0.000000 0.068848 0.991100 0.113929 0.000000 -0.148977 -0.102706 0.983492 0.000000 -14.045705 39.118740 -25.853821 1.000000 
44 0.977902 -0.159941 0.134638 0.000000 0.169142 0.983772 -0.059860 0.000000 -0.122879 0.081310 0.989085 0.000000 -16.220676 58.508701 -27.565844 1.000000 
49 0.994177 0.062772 -0.087584 0.000000 -0.067342 0.996464 -0.050235 0.000000 0.084121 0.055841 0.994890 0.000000 1.944618 45.791977 32.435070 1.000000 
54 0.994871 0.091588 -0.042929 0.000000 -0.092446 0.995547 -0.018438 0.000000 0.041049 0.022312 0.998908 0.000000 28.824602 36.922741 20.388186 1.000000 
59 0.970679 -0.193517 -0.142597 0.000000 0.182736 0.979455 -0.085295 0.000000 0.156173 0.056737 0.986099 0.000000 -9.159617 41.183407 31.060638 1.000000 
64 0.990101 -0.130000 -0.052919 0.000000 0.132202 0.990396 0.040487 0.000000 0.047148 -0.047082 0.997778 0.000000 -17.423025 61.209255 32.570328 1.000000 
5 0.991862 -0.021871 -0.125422 0.000000 0.019254 0.999572 -0.022045 0.000000 0.125850 0.019451 0.991859 0.000000 6.527513 -0.461447 10.050097 1.000000 
8 0.990104 0.117141 0.077273 0.000000 -0.098293 0.971898 -0.213897 0.000000 -0.100158 0.204185 0.973795 0.000000 7.107235 -1.699488 -2.566909 1.000000 
30 0.995889 0.041358 0.080592 0.000000 -0.053385 0.986734 0.153317 0.000000 -0.073182 -0.156989 0.984885 0.000000 18.940535 43.850540 -47.656231 1.000000 
35 0.987754 0.155903 -0.006020 0.000000 -0.155285 0.986115 0.058847 0.000000 0.015111 -0.057192 0.998249 0.000000 66.212578 28.723154 -25.899876 1.000000 
40 0.986371 -0.085001 0.140878 0.000000 0.068857 0.990888 0.115760 0.000000 -0.149434 -0.104482 0.983236 0.000000 -15.805505 38.178574 -47.076458 1.000000 
45 0.985273 -0.124116 0.117612 0.000000 0.134802 0.986983 -0.087711 0.000000 -0.105195 0.102274 0.989178 0.000000 -34.647198 52.487576 -44.817551 1.000000 
50 0.994030 0.071056 -0.082800 0.000000 -0.076467 0.995008 -0.064116 0.000000 0.077830 0.070065 0.994502 0.000000 18.166691 46.222816 52.668411 1.000000 
55 0.989878 0.139466 -0.026274 0.000000 -0.140304 0.989547 -0.033329 0.000000 0.021352 0.036679 0.999099 0.000000 66.613976 30.192917 29.051252 1.000000 
60 0.975156 -0.176156 -0.134312 0.000000 0.175790 0.984318 -0.014668 0.000000 0.134789 -0.009307 0.990831 0.000000 -11.093989 39.845684 52.246712 1.000000 
65 0.996737 -0.075969 -0.027289 0.000000 0.077851 0.994044 0.076259 0.000000 0.021333 -0.078135 0.996715 0.000000 -36.948044 55.078133 48.526478 1.000000 
31 0.994892 0.065917 0.076447 0.000000 -0.078854 0.980333 0.180913 0.000000 -0.063018 -0.186017 0.980523 0.000000 36.729439 31.028658 -62.829147 1.000000 
36 0.989973 0.140021 -0.018664 0.000000 -0.138544 0.988210 0.065166 0.000000 0.027568 -0.061927 0.997700 0.000000 94.774162 14.252350 -30.149864 1.000000 
41 0.986361 -0.085152 0.140860 0.000000 0.068863 0.990773 0.116732 0.000000 -0.149500 -0.105439 0.983124 0.000000 -20.022579 24.825121 -62.681564 1.000000 
46 0.989028 -0.104494 0.104424 0.000000 0.115295 0.987936 -0.103388 0.000000 -0.092361 0.114293 0.989144 0.000000 -57.443577 29.610231 -51.396004 1.000000 
51 0.993685 0.077636 -0.081012 0.000000 -0.083487 0.993938 -0.071529 0.000000 0.074968 0.077840 0.994143 0.000000 36.359726 32.506001 66.522141 1.000000 
56 0.991939 0.125723 -0.015861 0.000000 -0.126259 0.991222 -0.039208 0.000000 0.010792 0.040895 0.999105 0.000000 95.055885 15.168791 31.981054 1.000000 
61 0.977619 -0.166347 -0.128803 0.000000 0.171138 0.984877 0.026988 0.000000 0.122366 -0.048427 0.991303 0.000000 -17.086670 25.553598 66.369164 1.000000 
66 0.998757 -0.048942 -0.009393 0.000000 0.049613 0.994267 0.094719 0.000000 0.004704 -0.095067 0.995460 0.000000 -59.090981 31.197350 53.598389 1.000000 
67 1.000000 0.000000 0.000000 0.000000 0.000000 1.000000 0.000000 0.000000 0.000000 0.000000 1.000000 0.000000 0.000000 83.070496 0.000000 1.000000 
68 1.000000 0.000000 0.000000 0.000000 0.000000 1.000000 0.000000 0.000000 0.000000 0.000000 1.000000 0.000000 -10.226984 0.232216 0.001319 1.000000 
69 1.000000 0.000000 0.000000 0.000000 0.000000 1.000000 0.000000 0.000000 0.000000 0.000000 1.000000 0.000000 -10.226978 70.730209 0.001320 1.000000 
70 1.000000 0.000000 0.000000 0.000000 0.000000 1.000000 0.000000 0.000000 0.000000 0.000000 1.000000 0.000000 -10.226987 0.232216 0.001319 1.000000 
71 1.000000 0.000000 0.000000 0.000000 0.000000 1.000000 0.000000 0.000000 0.000000 0.000000 1.000000 0.000000 -10.226987 0.232216 0.001319 1.000000 
72 1.000000 0.000000 0.000000 0.000000 0.000000 1.000000 0.000000 0.000000 0.000000 0.000000 1.000000 0.000000 115.125870 0.000000 -32.474308 1.000000 
73 1.000000 0.000000 0.000000 0.000000 0.000000 1.000000 0.000000 0.000000 0.000000 0.000000 1.000000 0.000000 62.749397 0.000000 -78.997215 1.000000 
74 1.000000 0.000000 0.000000 0.000000 0.000000 1.000000 0.000000 0.000000 0.000000 0.000000 1.000000 0.000000 1.802011 0.000000 -75.468254 1.000000 
75 1.000000 0.000000 0.000000 0.000000 0.000000 1.000000 0.000000 0.000000 0.000000 0.000000 1.000000 0.000000 -89.168083 0.000000 -51.799946 1.000000 
76 1.000000 0.000000 0.000000 0.000000 0.000000 1.000000 0.000000 0.000000 0.000000 0.000000 1.000000 0.000000 119.592667 0.000000 32.457558 1.000000 
77 1.000000 0.000000 0.000000 0.000000 0.000000 1.000000 0.000000 0.000000 0.000000 0.000000 1.000000 0.000000 55.606968 0.000000 78.943047 1.000000 
78 1.000000 0.000000 0.000000 0.000000 0.000000 1.000000 0.000000 0.000000 0.000000 0.000000 1.000000 0.000000 5.046760 0.000000 75.453720 1.000000 
79 1.000000 0.000000 0.000000 0.000000 0.000000 1.000000 0.000000 0.000000 0.000000 0.000000 1.000000 0.000000 -89.121231 0.000000 51.801723 1.000000 
80 1.000000 0.000000 0.000000 0.000000 0.000000 1.000000 0.000000 0.000000 0.000000 0.000000 1.000000 0.000000 132.160492 0.000000 -32.441174 1.000000 
81 1.000000 0.000000 0.000000 0.000000 0.000000 1.000000 0.000000 0.000000 0.000000 0.000000 1.000000 0.000000 68.761414 0.000000 -79.050568 1.000000 
82 1.000000 0.000000 0.000000 0.000000 0.000000 1.000000 0.000000 0.000000 0.000000 0.000000 1.000000 0.000000 13.905589 0.000000 -75.478256 1.000000 
83 1.000000 0.000000 0.000000 0.000000 0.000000 1.000000 0.000000 0.000000 0.000000 0.000000 1.000000 0.000000 -58.008385 0.000000 -51.798386 1.000000 
84 1.000000 0.000000 0.000000 0.000000 0.000000 1.000000 0.000000 0.000000 0.000000 0.000000 1.000000 0.000000 139.501648 0.000000 32.435669 1.000000 
85 1.000000 0.000000 0.000000 0.000000 0.000000 1.000000 0.000000 0.000000 0.000000 0.000000 1.000000 0.000000 59.696896 0.000000 78.963730 1.000000 
86 1.000000 0.000000 0.000000 0.000000 0.000000 1.000000 0.000000 0.000000 0.000000 0.000000 1.000000 0.000000 16.943512 0.000000 75.447723 1.000000 
87 1.000000 0.000000 0.000000 0.000000 0.000000 1.000000 0.000000 0.000000 0.000000 0.000000 1.000000 0.000000 -58.530979 0.000000 51.800949 1.000000 
10 0.956924 -0.290321 -0.003149 0.000000 0.287719 0.949688 -0.123738 0.000000 0.038914 0.117502 0.992310 0.000000 -40.447750 76.492096 -3.539448 1.000000 
11 0.845762 -1.099871 0.095242 0.000000 1.102417 0.835013 -0.146743 0.000000 0.058869 0.164740 1.379673 0.000000 -52.942760 78.205750 -1.769890 1.000000 
21 0.959000 -0.282983 -0.015505 0.000000 0.280861 0.956277 -0.081558 0.000000 0.037906 0.073859 0.996548 0.000000 -12.026651 42.668762 0.619680 1.000000 
23 0.959000 -0.282983 -0.015505 0.000000 0.280861 0.956277 -0.081558 0.000000 0.037906 0.073859 0.996548 0.000000 -17.005211 13.404306 2.977983 1.000000 
24 0.959000 -0.282983 -0.015505 0.000000 0.280861 0.956277 -0.081558 0.000000 0.037906 0.073859 0.996548 0.000000 -17.005209 13.404307 2.977983 1.000000 
25 0.959000 -0.282983 -0.015505 0.000000 0.280861 0.956277 -0.081558 0.000000 0.037906 0.073859 0.996548 0.000000 -17.005209 13.404307 2.977983 1.000000 
26 0.959000 -0.282983 -0.015505 0.000000 0.280861 0.956277 -0.081558 0.000000 0.037906 0.073859 0.996548 0.000000 -17.005209 13.404307 2.977983 1.000000 
14 0.996183 0.086697 -0.010106 0.000000 -0.087233 0.992869 -0.081253 0.000000 0.002990 0.081825 0.996642 0.000000 -0.470757 14.982796 2.334443 1.000000 
15 0.996183 0.086697 -0.010106 0.000000 -0.087233 0.992869 -0.081253 0.000000 0.002990 0.081825 0.996642 0.000000 4.672787 8.489339 2.852125 1.000000 
16 0.996183 0.086697 -0.010106 0.000000 -0.087233 0.992869 -0.081253 0.000000 0.002990 0.081825 0.996642 0.000000 2.231157 12.878161 -0.501526 1.000000 
17 0.996183 0.086697 -0.010106 0.000000 -0.087233 0.992869 -0.081253 0.000000 0.002990 0.081825 0.996642 0.000000 2.119915 13.452936 5.455884 1.000000 
18 0.996183 0.086697 -0.010106 0.000000 -0.087233 0.992869 -0.081253 0.000000 0.002990 0.081825 0.996642 0.000000 -4.798429 8.815034 2.853408 1.000000 
19 0.996183 0.086697 -0.010106 0.000000 -0.087233 0.992869 -0.081253 0.000000 0.002990 0.081825 0.996642 0.000000 -4.798429 8.815034 2.853408 1.000000 
20 0.996183 0.086697 -0.010106 0.000000 -0.087233 0.992869 -0.081253 0.000000 0.002990 0.081825 0.996642 0.000000 -4.798427 8.815035 2.853409 1.000000 
22 0.959000 -0.282983 -0.015505 0.000000 0.280861 0.956277 -0.081558 0.000000 0.037906 0.073859 0.996548 0.000000 -12.166898 42.191254 0.660406 1.000000 
[KEY]
