[FRAME_COUNT]
80
[DURATION]
3.333333
[BONE_COUNT]
87
[KEY]
1 1.000000 0.000000 0.000000 0.000000 0.000000 1.000000 0.000000 0.000000 0.000000 0.000000 1.000000 0.000000 -10.226984 0.232216 0.001319 1.000000 
2 1.000000 0.000000 0.000000 0.000000 0.000000 1.000000 0.000000 0.000000 0.000000 0.000000 1.000000 0.000000 -10.226984 0.556597 0.001319 1.000000 
3 1.000000 0.000000 0.000000 0.000000 0.000000 1.000000 0.000000 0.000000 0.000000 0.000000 1.000000 0.000000 11.098431 19.278442 2.718880 1.000000 
6 1.000000 0.000000 0.000000 0.000000 0.000000 1.000000 0.000000 0.000000 0.000000 0.000000 1.000000 0.000000 11.098417 19.278494 -2.730513 1.000000 
9 0.991326 0.131429 0.000000 0.000000 -0.131429 0.991326 0.000000 0.000000 0.000000 0.000000 1.000000 0.000000 -15.326487 19.958233 0.000921 1.000000 
12 1.000000 0.000000 0.000000 0.000000 0.000000 1.000000 0.000000 0.000000 0.000000 0.000000 1.000000 0.000000 -15.326487 19.958233 0.000921 1.000000 
27 1.000000 0.000000 0.000000 0.000000 0.000000 1.000000 0.000000 0.000000 0.000000 0.000000 1.000000 0.000000 -3.151001 16.196474 -8.168830 1.000000 
32 1.000000 0.000000 0.000000 0.000000 0.000000 1.000000 0.000000 0.000000 0.000000 0.000000 1.000000 0.000000 1.292232 19.958218 -5.426734 1.000000 
37 1.000000 0.000000 0.000000 0.000000 0.000000 1.000000 0.000000 0.000000 0.000000 0.000000 1.000000 0.000000 -8.678464 16.794888 -8.986213 1.000000 
42 1.000000 0.000000 0.000000 0.000000 0.000000 1.000000 0.000000 0.000000 0.000000 0.000000 1.000000 0.000000 -12.529337 17.495066 -7.037132 1.000000 
47 1.000000 0.000000 0.000000 0.000000 0.000000 1.000000 0.000000 0.000000 0.000000 0.000000 1.000000 0.000000 -3.150999 16.196445 8.171465 1.000000 
52 1.000000 0.000000 0.000000 0.000000 0.000000 1.000000 0.000000 0.000000 0.000000 0.000000 1.000000 0.000000 1.292188 19.958231 5.429370 1.000000 
57 1.000000 0.000000 0.000000 0.000000 0.000000 1.000000 0.000000 0.000000 0.000000 0.000000 1.000000 0.000000 -8.678467 16.794935 8.988850 1.000000 
62 1.000000 0.000000 0.000000 0.000000 0.000000 1.000000 0.000000 0.000000 0.000000 0.000000 1.000000 0.000000 -12.529338 17.495041 7.039771 1.000000 
13 1.000000 0.000000 0.000000 0.000000 0.000000 1.000000 0.000000 0.000000 0.000000 0.000000 1.000000 0.000000 2.779930 19.580214 0.000931 1.000000 
28 0.999976 -0.006831 0.001309 0.000000 0.006841 0.999944 -0.008052 0.000000 -0.001254 0.008061 0.999967 0.000000 -1.454664 18.084385 -11.738103 1.000000 
33 0.999998 -0.002136 0.000001 0.000000 0.002136 0.999998 -0.000488 0.000000 0.000001 0.000488 1.000000 0.000000 3.883216 21.263897 -7.296888 1.000000 
38 0.999991 0.004205 -0.000826 0.000000 -0.004217 0.999870 -0.015562 0.000000 0.000761 0.015565 0.999879 0.000000 -8.849779 18.228994 -14.632987 1.000000 
43 0.999990 0.004455 -0.000677 0.000000 -0.004456 0.999987 -0.002501 0.000000 0.000666 0.002504 0.999997 0.000000 -14.630817 17.384815 -12.770145 1.000000 
48 0.999975 -0.007017 -0.000638 0.000000 0.007021 0.999943 0.007993 0.000000 0.000582 -0.007998 0.999968 0.000000 -1.454666 18.084412 11.740780 1.000000 
53 0.999998 -0.002136 -0.000000 0.000000 0.002136 0.999998 0.000427 0.000000 -0.000000 -0.000427 1.000000 0.000000 3.883228 21.263931 7.299524 1.000000 
58 0.999991 0.004205 0.000826 0.000000 -0.004217 0.999871 0.015501 0.000000 -0.000761 -0.015504 0.999880 0.000000 -8.849784 18.228966 14.635589 1.000000 
63 0.999991 0.004089 0.000615 0.000000 -0.004090 0.999989 0.002196 0.000000 -0.000606 -0.002199 0.999997 0.000000 -14.630815 17.384796 12.772816 1.000000 
4 1.000000 0.000000 0.000000 0.000000 0.000000 1.000000 0.000000 0.000000 0.000000 0.000000 1.000000 0.000000 14.456429 13.194545 6.270426 1.000000 
7 1.000000 0.000000 0.000000 0.000000 0.000000 1.000000 0.000000 0.000000 0.000000 0.000000 1.000000 0.000000 14.456430 13.194592 -6.270925 1.000000 
29 0.999976 -0.006831 0.001309 0.000000 0.006838 0.999961 -0.005611 0.000000 -0.001271 0.005620 0.999983 0.000000 9.796107 53.050667 -31.758354 1.000000 
34 0.999999 -0.001404 0.000000 0.000000 0.001404 0.999999 -0.000305 0.000000 0.000000 0.000305 1.000000 0.000000 34.424313 48.466335 -19.050066 1.000000 
39 0.999994 0.003542 -0.000207 0.000000 -0.003544 0.999921 -0.012022 0.000000 0.000164 0.012023 0.999928 0.000000 -10.704683 45.598637 -32.711113 1.000000 
44 0.999992 0.003966 -0.000676 0.000000 -0.003967 0.999991 -0.001525 0.000000 0.000670 0.001527 0.999999 0.000000 -21.078501 65.887451 -28.938335 1.000000 
49 0.999982 -0.006040 -0.000631 0.000000 0.006044 0.999962 0.006224 0.000000 0.000594 -0.006228 0.999980 0.000000 9.789214 53.049797 31.766376 1.000000 
54 0.999999 -0.001404 -0.000000 0.000000 0.001404 0.999999 0.000183 0.000000 -0.000000 -0.000183 1.000000 0.000000 34.424385 48.466934 19.050972 1.000000 
59 0.999993 0.003720 0.000575 0.000000 -0.003727 0.999923 0.011839 0.000000 -0.000531 -0.011841 0.999930 0.000000 -10.704673 45.599785 32.711998 1.000000 
64 0.999993 0.003600 0.000614 0.000000 -0.003601 0.999992 0.001464 0.000000 -0.000609 -0.001466 0.999999 0.000000 -21.060087 65.894722 28.926615 1.000000 
5 1.000000 0.000000 0.000000 0.000000 0.000000 1.000000 0.000000 0.000000 0.000000 0.000000 1.000000 0.000000 15.119763 8.908008 6.452275 1.000000 
8 1.000000 0.000000 0.000000 0.000000 0.000000 1.000000 0.000000 0.000000 0.000000 0.000000 1.000000 0.000000 15.142559 8.890202 -6.452322 1.000000 
30 0.999979 -0.006344 0.001063 0.000000 0.006349 0.999969 -0.004635 0.000000 -0.001033 0.004642 0.999989 0.000000 24.194187 51.151962 -53.248348 1.000000 
35 0.999999 -0.001160 0.000000 0.000000 0.001160 0.999999 -0.000305 0.000000 0.000000 0.000305 1.000000 0.000000 71.016998 38.058899 -29.101496 1.000000 
40 0.999995 0.003241 0.000163 0.000000 -0.003239 0.999944 -0.010069 0.000000 -0.000196 0.010069 0.999949 0.000000 -15.335521 41.865002 -53.180511 1.000000 
45 0.999993 0.003783 -0.000676 0.000000 -0.003784 0.999992 -0.001220 0.000000 0.000671 0.001222 0.999999 0.000000 -40.435852 57.779877 -44.201763 1.000000 
50 0.999985 -0.005493 -0.000262 0.000000 0.005494 0.999971 0.005248 0.000000 0.000233 -0.005249 0.999986 0.000000 24.174114 51.149429 53.265041 1.000000 
55 0.999999 -0.001160 -0.000000 0.000000 0.001160 0.999999 0.000183 0.000000 -0.000000 -0.000183 1.000000 0.000000 71.017105 38.060654 29.103729 1.000000 
60 0.999994 0.003418 0.000328 0.000000 -0.003421 0.999946 0.009764 0.000000 -0.000294 -0.009765 0.999952 0.000000 -15.342450 41.869095 53.180363 1.000000 
65 0.999994 0.003417 0.000614 0.000000 -0.003418 0.999994 0.001159 0.000000 -0.000610 -0.001161 0.999999 0.000000 -40.419506 57.795113 44.191776 1.000000 
31 0.999982 -0.005917 0.001061 0.000000 0.005921 0.999974 -0.004147 0.000000 -0.001036 0.004153 0.999991 0.000000 40.070110 35.057415 -67.389915 1.000000 
36 0.999999 -0.001160 0.000000 0.000000 0.001160 0.999999 -0.000305 0.000000 0.000000 0.000305 1.000000 0.000000 96.976372 19.072699 -32.079060 1.000000 
41 0.999995 0.003058 0.000165 0.000000 -0.003056 0.999955 -0.009032 0.000000 -0.000192 0.009031 0.999959 0.000000 -20.506187 26.386242 -66.344475 1.000000 
46 0.999993 0.003783 -0.000676 0.000000 -0.003784 0.999992 -0.001220 0.000000 0.000671 0.001222 0.999999 0.000000 -60.740047 32.619499 -50.606342 1.000000 
51 0.999987 -0.005066 -0.000260 0.000000 0.005067 0.999976 0.004699 0.000000 0.000236 -0.004700 0.999989 0.000000 40.052353 35.059734 67.409531 1.000000 
56 0.999999 -0.001160 -0.000000 0.000000 0.001160 0.999999 0.000183 0.000000 -0.000000 -0.000183 1.000000 0.000000 96.976807 19.074743 32.083633 1.000000 
61 0.999995 0.003235 0.000326 0.000000 -0.003237 0.999957 0.008666 0.000000 -0.000298 -0.008667 0.999962 0.000000 -20.516884 26.393433 66.346565 1.000000 
66 0.999994 0.003417 0.000614 0.000000 -0.003418 0.999994 0.001159 0.000000 -0.000610 -0.001161 0.999999 0.000000 -60.732498 32.642464 50.598988 1.000000 
67 1.000000 0.000000 0.000000 0.000000 0.000000 1.000000 0.000000 0.000000 0.000000 0.000000 1.000000 0.000000 0.000000 83.070496 0.000000 1.000000 
68 1.000000 0.000000 0.000000 0.000000 0.000000 1.000000 0.000000 0.000000 0.000000 0.000000 1.000000 0.000000 -10.226984 0.232216 0.001319 1.000000 
69 1.000000 0.000000 0.000000 0.000000 0.000000 1.000000 0.000000 0.000000 0.000000 0.000000 1.000000 0.000000 -10.226978 70.730209 0.001320 1.000000 
70 1.000000 0.000000 0.000000 0.000000 0.000000 1.000000 0.000000 0.000000 0.000000 0.000000 1.000000 0.000000 -10.226987 0.232216 0.001319 1.000000 
71 1.000000 0.000000 0.000000 0.000000 0.000000 1.000000 0.000000 0.000000 0.000000 0.000000 1.000000 0.000000 -10.226987 0.232216 0.001319 1.000000 
72 1.000000 0.000000 0.000000 0.000000 0.000000 1.000000 0.000000 0.000000 0.000000 0.000000 1.000000 0.000000 115.125870 0.000000 -32.474308 1.000000 
73 1.000000 0.000000 0.000000 0.000000 0.000000 1.000000 0.000000 0.000000 0.000000 0.000000 1.000000 0.000000 62.749397 0.000000 -78.997215 1.000000 
74 1.000000 0.000000 0.000000 0.000000 0.000000 1.000000 0.000000 0.000000 0.000000 0.000000 1.000000 0.000000 1.802011 0.000000 -75.468254 1.000000 
75 1.000000 0.000000 0.000000 0.000000 0.000000 1.000000 0.000000 0.000000 0.000000 0.000000 1.000000 0.000000 -89.168083 0.000000 -51.799946 1.000000 
76 1.000000 0.000000 0.000000 0.000000 0.000000 1.000000 0.000000 0.000000 0.000000 0.000000 1.000000 0.000000 119.592667 0.000000 32.457558 1.000000 
77 1.000000 0.000000 0.000000 0.000000 0.000000 1.000000 0.000000 0.000000 0.000000 0.000000 1.000000 0.000000 55.606968 0.000000 78.943047 1.000000 
78 1.000000 0.000000 0.000000 0.000000 0.000000 1.000000 0.000000 0.000000 0.000000 0.000000 1.000000 0.000000 5.046760 0.000000 75.453720 1.000000 
79 1.000000 0.000000 0.000000 0.000000 0.000000 1.000000 0.000000 0.000000 0.000000 0.000000 1.000000 0.000000 -89.121231 0.000000 51.801723 1.000000 
80 1.000000 0.000000 0.000000 0.000000 0.000000 1.000000 0.000000 0.000000 0.000000 0.000000 1.000000 0.000000 132.160492 0.000000 -32.441174 1.000000 
81 1.000000 0.000000 0.000000 0.000000 0.000000 1.000000 0.000000 0.000000 0.000000 0.000000 1.000000 0.000000 68.761414 0.000000 -79.050568 1.000000 
82 1.000000 0.000000 0.000000 0.000000 0.000000 1.000000 0.000000 0.000000 0.000000 0.000000 1.000000 0.000000 13.905589 0.000000 -75.478256 1.000000 
83 1.000000 0.000000 0.000000 0.000000 0.000000 1.000000 0.000000 0.000000 0.000000 0.000000 1.000000 0.000000 -58.008385 0.000000 -51.798386 1.000000 
84 1.000000 0.000000 0.000000 0.000000 0.000000 1.000000 0.000000 0.000000 0.000000 0.000000 1.000000 0.000000 139.501648 0.000000 32.435669 1.000000 
85 1.000000 0.000000 0.000000 0.000000 0.000000 1.000000 0.000000 0.000000 0.000000 0.000000 1.000000 0.000000 59.696896 0.000000 78.963730 1.000000 
86 1.000000 0.000000 0.000000 0.000000 0.000000 1.000000 0.000000 0.000000 0.000000 0.000000 1.000000 0.000000 16.943512 0.000000 75.447723 1.000000 
87 1.000000 0.000000 0.000000 0.000000 0.000000 1.000000 0.000000 0.000000 0.000000 0.000000 1.000000 0.000000 -58.530979 0.000000 51.800949 1.000000 
10 0.991326 0.131429 0.000000 0.000000 -0.131429 0.991326 0.000000 0.000000 0.000000 0.000000 1.000000 0.000000 -57.826370 69.394524 0.001232 1.000000 
11 1.225407 -0.657629 -0.001816 0.000000 0.657621 1.225405 -0.004600 0.000000 0.003775 0.003194 1.390711 0.000000 -69.890770 65.589340 1.472308 1.000000 
21 1.000000 0.000000 0.000000 0.000000 0.000000 1.000000 0.000000 0.000000 0.000000 0.000000 1.000000 0.000000 -13.697318 50.105808 0.001319 1.000000 
23 1.000000 0.000000 0.000000 0.000000 0.000000 1.000000 0.000000 0.000000 0.000000 0.000000 1.000000 0.000000 -10.226986 20.530264 0.001319 1.000000 
24 1.000000 0.000000 0.000000 0.000000 0.000000 1.000000 0.000000 0.000000 0.000000 0.000000 1.000000 0.000000 -10.226984 20.530266 0.001319 1.000000 
25 1.000000 0.000000 0.000000 0.000000 0.000000 1.000000 0.000000 0.000000 0.000000 0.000000 1.000000 0.000000 -10.226984 20.530266 0.001319 1.000000 
26 1.000000 0.000000 0.000000 0.000000 0.000000 1.000000 0.000000 0.000000 0.000000 0.000000 1.000000 0.000000 -10.226984 20.530266 0.001319 1.000000 
14 1.000000 0.000000 0.000000 0.000000 0.000000 1.000000 0.000000 0.000000 0.000000 0.000000 1.000000 0.000000 7.631057 25.368643 0.001322 1.000000 
15 1.000000 0.000000 0.000000 0.000000 0.000000 1.000000 0.000000 0.000000 0.000000 0.000000 1.000000 0.000000 12.186775 18.430744 0.001319 1.000000 
16 1.000000 0.000000 0.000000 0.000000 0.000000 1.000000 0.000000 0.000000 0.000000 0.000000 1.000000 0.000000 10.168854 23.273754 -2.989258 1.000000 
17 1.000000 0.000000 0.000000 0.000000 0.000000 1.000000 0.000000 0.000000 0.000000 0.000000 1.000000 0.000000 10.047662 23.370075 2.994847 1.000000 
18 1.000000 0.000000 0.000000 0.000000 0.000000 1.000000 0.000000 0.000000 0.000000 0.000000 1.000000 0.000000 2.779929 19.580214 0.000931 1.000000 
19 1.000000 0.000000 0.000000 0.000000 0.000000 1.000000 0.000000 0.000000 0.000000 0.000000 1.000000 0.000000 2.779929 19.580214 0.000931 1.000000 
20 1.000000 0.000000 0.000000 0.000000 0.000000 1.000000 0.000000 0.000000 0.000000 0.000000 1.000000 0.000000 2.779932 19.580214 0.000932 1.000000 
22 1.000000 0.000000 0.000000 0.000000 0.000000 1.000000 0.000000 0.000000 0.000000 0.000000 1.000000 0.000000 -13.697319 49.606468 0.001319 1.000000 
[KEY]
1 1.000000 0.000000 0.000000 0.000000 0.000000 1.000000 0.000000 0.000000 0.000000 0.000000 1.000000 0.000000 -10.226984 0.232216 0.001319 1.000000 
2 1.000000 0.000000 0.000000 0.000000 0.000000 1.000000 0.000000 0.000000 0.000000 0.000000 1.000000 0.000000 -9.488101 1.501516 0.041727 1.000000 
3 1.000000 0.000000 0.000000 0.000000 0.000000 1.000000 0.000000 0.000000 0.000000 0.000000 1.000000 0.000000 11.837314 20.223362 2.759288 1.000000 
6 1.000000 0.000000 0.000000 0.000000 0.000000 1.000000 0.000000 0.000000 0.000000 0.000000 1.000000 0.000000 11.837300 20.223413 -2.690105 1.000000 
9 0.991326 0.131429 0.000000 0.000000 -0.131429 0.991326 0.000000 0.000000 0.000000 0.000000 1.000000 0.000000 -14.587605 20.903152 0.041329 1.000000 
12 1.000000 0.000000 0.000000 0.000000 0.000000 1.000000 0.000000 0.000000 0.000000 0.000000 1.000000 0.000000 -14.587605 20.903152 0.041329 1.000000 
27 1.000000 0.000000 0.000000 0.000000 0.000000 1.000000 0.000000 0.000000 0.000000 0.000000 1.000000 0.000000 -2.412118 17.141394 -8.128422 1.000000 
32 1.000000 0.000000 0.000000 0.000000 0.000000 1.000000 0.000000 0.000000 0.000000 0.000000 1.000000 0.000000 2.031115 20.903137 -5.386327 1.000000 
37 1.000000 0.000000 0.000000 0.000000 0.000000 1.000000 0.000000 0.000000 0.000000 0.000000 1.000000 0.000000 -7.939580 17.739807 -8.945805 1.000000 
42 1.000000 0.000000 0.000000 0.000000 0.000000 1.000000 0.000000 0.000000 0.000000 0.000000 1.000000 0.000000 -11.790453 18.439985 -6.996724 1.000000 
47 1.000000 0.000000 0.000000 0.000000 0.000000 1.000000 0.000000 0.000000 0.000000 0.000000 1.000000 0.000000 -2.412116 17.141363 8.211873 1.000000 
52 1.000000 0.000000 0.000000 0.000000 0.000000 1.000000 0.000000 0.000000 0.000000 0.000000 1.000000 0.000000 2.031071 20.903151 5.469778 1.000000 
57 1.000000 0.000000 0.000000 0.000000 0.000000 1.000000 0.000000 0.000000 0.000000 0.000000 1.000000 0.000000 -7.939584 17.739855 9.029258 1.000000 
62 1.000000 0.000000 0.000000 0.000000 0.000000 1.000000 0.000000 0.000000 0.000000 0.000000 1.000000 0.000000 -11.790455 18.439960 7.080179 1.000000 
13 1.000000 0.000000 0.000000 0.000000 0.000000 1.000000 0.000000 0.000000 0.000000 0.000000 1.000000 0.000000 3.518813 20.525133 0.041339 1.000000 
28 0.999902 -0.012613 -0.006111 0.000000 0.012536 0.999844 -0.012433 0.000000 0.006267 0.012355 0.999904 0.000000 -0.715781 19.029305 -11.697696 1.000000 
33 0.999991 -0.003100 -0.002813 0.000000 0.003099 0.999995 -0.000185 0.000000 0.002813 0.000176 0.999996 0.000000 4.622099 22.208815 -7.256480 1.000000 
38 0.999885 0.007299 -0.013280 0.000000 -0.007810 0.999217 -0.038789 0.000000 0.012986 0.038888 0.999159 0.000000 -8.110896 19.173914 -14.592579 1.000000 
43 0.999660 0.022459 -0.013232 0.000000 -0.022651 0.999638 -0.014509 0.000000 0.012901 0.014804 0.999807 0.000000 -13.891934 18.329733 -12.729737 1.000000 
48 0.999909 -0.012083 0.005927 0.000000 0.012012 0.999858 0.011859 0.000000 -0.006070 -0.011787 0.999912 0.000000 -0.715783 19.029329 11.781188 1.000000 
53 0.999993 0.000871 0.003583 0.000000 -0.000869 0.999999 -0.000809 0.000000 -0.003583 0.000806 0.999993 0.000000 4.622110 22.208851 7.339932 1.000000 
58 0.999889 0.007052 0.013115 0.000000 -0.007540 0.999267 0.037545 0.000000 -0.012841 -0.037640 0.999209 0.000000 -8.110901 19.173883 14.675997 1.000000 
63 0.999681 0.021965 0.012467 0.000000 -0.022139 0.999657 0.013987 0.000000 -0.012155 -0.014259 0.999824 0.000000 -13.891932 18.329716 12.813224 1.000000 
4 0.999781 0.019557 0.007462 0.000000 -0.019559 0.999809 0.000177 0.000000 -0.007457 -0.000323 0.999972 0.000000 15.195313 14.139463 6.310833 1.000000 
7 0.999953 -0.008859 -0.003871 0.000000 0.008864 0.999960 0.001309 0.000000 0.003860 -0.001343 0.999992 0.000000 15.195313 14.139511 -6.230517 1.000000 
29 0.999888 -0.013795 -0.005859 0.000000 0.013717 0.999818 -0.013240 0.000000 0.006040 0.013159 0.999895 0.000000 10.586093 53.843723 -31.952448 1.000000 
34 0.999964 -0.008278 -0.001861 0.000000 0.008275 0.999965 -0.001372 0.000000 0.001872 0.001357 0.999997 0.000000 35.156239 49.385487 -19.087088 1.000000 
39 0.999925 0.004984 -0.011162 0.000000 -0.005280 0.999630 -0.026700 0.000000 0.011025 0.026757 0.999581 0.000000 -10.280765 46.108471 -33.278881 1.000000 
44 0.999804 0.015536 -0.012265 0.000000 -0.015553 0.999878 -0.001368 0.000000 0.012242 0.001559 0.999924 0.000000 -21.417679 66.505997 -29.400053 1.000000 
49 0.999896 -0.013268 0.005647 0.000000 0.013193 0.999827 0.013122 0.000000 -0.005820 -0.013046 0.999898 0.000000 10.571662 53.861195 32.013897 1.000000 
54 0.999975 -0.006750 0.002254 0.000000 0.006748 0.999977 0.000909 0.000000 -0.002260 -0.000894 0.999997 0.000000 35.039120 49.518059 19.166805 1.000000 
59 0.999909 0.005541 0.012268 0.000000 -0.005864 0.999633 0.026464 0.000000 -0.012117 -0.026534 0.999574 0.000000 -10.270715 46.132359 33.329006 1.000000 
64 0.999842 0.014092 0.010806 0.000000 -0.014133 0.999893 0.003712 0.000000 -0.010752 -0.003865 0.999935 0.000000 -21.381323 66.518715 29.463226 1.000000 
5 0.999990 -0.003520 0.002639 0.000000 0.003521 0.999994 -0.000445 0.000000 -0.002637 0.000454 0.999996 0.000000 15.940985 9.866660 6.496870 1.000000 
8 0.999705 -0.024218 -0.001800 0.000000 0.024220 0.999706 0.001271 0.000000 0.001768 -0.001314 0.999998 0.000000 15.842555 9.829458 -6.420203 1.000000 
30 0.999873 -0.014933 -0.005488 0.000000 0.014852 0.999784 -0.014532 0.000000 0.005704 0.014449 0.999879 0.000000 24.814028 51.682869 -53.530823 1.000000 
35 0.999917 -0.012839 -0.000447 0.000000 0.012838 0.999914 -0.002552 0.000000 0.000480 0.002546 0.999997 0.000000 71.657677 38.716187 -29.195583 1.000000 
40 0.999944 0.003667 -0.009880 0.000000 -0.003859 0.999803 -0.019484 0.000000 0.009806 0.019521 0.999761 0.000000 -15.128049 42.066917 -53.639400 1.000000 
45 0.999853 0.012025 -0.012227 0.000000 -0.011974 0.999919 0.004237 0.000000 0.012277 -0.004089 0.999916 0.000000 -40.855534 58.174652 -44.439018 1.000000 
50 0.999879 -0.014671 0.005258 0.000000 0.014593 0.999785 0.014730 0.000000 -0.005473 -0.014651 0.999878 0.000000 24.805307 51.710388 53.589500 1.000000 
55 0.999909 -0.013468 0.000268 0.000000 0.013467 0.999906 0.002565 0.000000 -0.000302 -0.002561 0.999997 0.000000 71.552902 38.909168 29.294538 1.000000 
60 0.999925 0.004523 0.011385 0.000000 -0.004748 0.999793 0.019780 0.000000 -0.011293 -0.019832 0.999740 0.000000 -15.138359 42.092838 53.685070 1.000000 
65 0.999899 0.010706 0.009398 0.000000 -0.010701 0.999943 -0.000573 0.000000 -0.009404 0.000472 0.999956 0.000000 -40.808559 58.179913 44.511902 1.000000 
31 0.999856 -0.016256 -0.004913 0.000000 0.016175 0.999738 -0.016192 0.000000 0.005175 0.016110 0.999857 0.000000 40.456932 35.314579 -67.617767 1.000000 
36 0.999877 -0.015683 0.000859 0.000000 0.015686 0.999871 -0.003339 0.000000 -0.000806 0.003352 0.999994 0.000000 97.392128 19.421457 -32.142162 1.000000 
41 0.999954 0.002629 -0.009277 0.000000 -0.002764 0.999889 -0.014668 0.000000 0.009238 0.014693 0.999849 0.000000 -20.422165 26.462212 -66.604095 1.000000 
46 0.999862 0.012573 -0.010890 0.000000 -0.012511 0.999906 0.005680 0.000000 0.010960 -0.005543 0.999925 0.000000 -61.026367 32.882267 -50.744297 1.000000 
51 0.999867 -0.015565 0.004916 0.000000 0.015485 0.999755 0.015805 0.000000 -0.005161 -0.015727 0.999863 0.000000 40.455723 35.343327 67.669525 1.000000 
56 0.999855 -0.016969 -0.001323 0.000000 0.016973 0.999850 0.003525 0.000000 0.001263 -0.003547 0.999993 0.000000 97.276062 19.598141 32.236244 1.000000 
61 0.999935 0.003561 0.010860 0.000000 -0.003727 0.999876 0.015285 0.000000 -0.010804 -0.015324 0.999824 0.000000 -20.438564 26.479683 66.637169 1.000000 
66 0.999904 0.011197 0.008182 0.000000 -0.011181 0.999936 -0.001972 0.000000 -0.008204 0.001881 0.999965 0.000000 -60.993690 32.890419 50.783100 1.000000 
67 1.000000 0.000000 0.000000 0.000000 0.000000 1.000000 0.000000 0.000000 0.000000 0.000000 1.000000 0.000000 0.000000 83.070496 0.000000 1.000000 
68 1.000000 0.000000 0.000000 0.000000 0.000000 1.000000 0.000000 0.000000 0.000000 0.000000 1.000000 0.000000 -10.226984 0.232216 0.001319 1.000000 
69 1.000000 0.000000 0.000000 0.000000 0.000000 1.000000 0.000000 0.000000 0.000000 0.000000 1.000000 0.000000 -10.226978 70.730209 0.001320 1.000000 
70 1.000000 0.000000 0.000000 0.000000 0.000000 1.000000 0.000000 0.000000 0.000000 0.000000 1.000000 0.000000 -10.226987 0.232216 0.001319 1.000000 
71 1.000000 0.000000 0.000000 0.000000 0.000000 1.000000 0.000000 0.000000 0.000000 0.000000 1.000000 0.000000 -10.226987 0.232216 0.001319 1.000000 
72 1.000000 0.000000 0.000000 0.000000 0.000000 1.000000 0.000000 0.000000 0.000000 0.000000 1.000000 0.000000 115.125870 0.000000 -32.474308 1.000000 
73 1.000000 0.000000 0.000000 0.000000 0.000000 1.000000 0.000000 0.000000 0.000000 0.000000 1.000000 0.000000 62.749397 0.000000 -78.997215 1.000000 
74 1.000000 0.000000 0.000000 0.000000 0.000000 1.000000 0.000000 0.000000 0.000000 0.000000 1.000000 0.000000 1.802011 0.000000 -75.468254 1.000000 
75 1.000000 0.000000 0.000000 0.000000 0.000000 1.000000 0.000000 0.000000 0.000000 0.000000 1.000000 0.000000 -89.168083 0.000000 -51.799946 1.000000 
76 1.000000 0.000000 0.000000 0.000000 0.000000 1.000000 0.000000 0.000000 0.000000 0.000000 1.000000 0.000000 119.592667 0.000000 32.457558 1.000000 
77 1.000000 0.000000 0.000000 0.000000 0.000000 1.000000 0.000000 0.000000 0.000000 0.000000 1.000000 0.000000 55.606968 0.000000 78.943047 1.000000 
78 1.000000 0.000000 0.000000 0.000000 0.000000 1.000000 0.000000 0.000000 0.000000 0.000000 1.000000 0.000000 5.046760 0.000000 75.453720 1.000000 
79 1.000000 0.000000 0.000000 0.000000 0.000000 1.000000 0.000000 0.000000 0.000000 0.000000 1.000000 0.000000 -89.121231 0.000000 51.801723 1.000000 
80 1.000000 0.000000 0.000000 0.000000 0.000000 1.000000 0.000000 0.000000 0.000000 0.000000 1.000000 0.000000 132.160492 0.000000 -32.441174 1.000000 
81 1.000000 0.000000 0.000000 0.000000 0.000000 1.000000 0.000000 0.000000 0.000000 0.000000 1.000000 0.000000 68.761414 0.000000 -79.050568 1.000000 
82 1.000000 0.000000 0.000000 0.000000 0.000000 1.000000 0.000000 0.000000 0.000000 0.000000 1.000000 0.000000 13.905589 0.000000 -75.478256 1.000000 
83 1.000000 0.000000 0.000000 0.000000 0.000000 1.000000 0.000000 0.000000 0.000000 0.000000 1.000000 0.000000 -58.008385 0.000000 -51.798386 1.000000 
84 1.000000 0.000000 0.000000 0.000000 0.000000 1.000000 0.000000 0.000000 0.000000 0.000000 1.000000 0.000000 139.501648 0.000000 32.435669 1.000000 
85 1.000000 0.000000 0.000000 0.000000 0.000000 1.000000 0.000000 0.000000 0.000000 0.000000 1.000000 0.000000 59.696896 0.000000 78.963730 1.000000 
86 1.000000 0.000000 0.000000 0.000000 0.000000 1.000000 0.000000 0.000000 0.000000 0.000000 1.000000 0.000000 16.943512 0.000000 75.447723 1.000000 
87 1.000000 0.000000 0.000000 0.000000 0.000000 1.000000 0.000000 0.000000 0.000000 0.000000 1.000000 0.000000 -58.530979 0.000000 51.800949 1.000000 
10 0.991326 0.131429 0.000000 0.000000 -0.131429 0.991326 0.000000 0.000000 0.000000 0.000000 1.000000 0.000000 -57.087486 70.339447 0.041640 1.000000 
11 1.225407 -0.657629 -0.001816 0.000000 0.657621 1.225405 -0.004600 0.000000 0.003775 0.003194 1.390711 0.000000 -69.151886 66.534256 1.512717 1.000000 
21 1.000000 0.000000 0.000000 0.000000 0.000000 1.000000 0.000000 0.000000 0.000000 0.000000 1.000000 0.000000 -12.958435 51.050728 0.041727 1.000000 
23 1.000000 0.000000 0.000000 0.000000 0.000000 1.000000 0.000000 0.000000 0.000000 0.000000 1.000000 0.000000 -9.488102 21.475183 0.041727 1.000000 
24 1.000000 0.000000 0.000000 0.000000 0.000000 1.000000 0.000000 0.000000 0.000000 0.000000 1.000000 0.000000 -9.488101 21.475185 0.041727 1.000000 
25 1.000000 0.000000 0.000000 0.000000 0.000000 1.000000 0.000000 0.000000 0.000000 0.000000 1.000000 0.000000 -9.488101 21.475185 0.041727 1.000000 
26 1.000000 0.000000 0.000000 0.000000 0.000000 1.000000 0.000000 0.000000 0.000000 0.000000 1.000000 0.000000 -9.488101 21.475185 0.041727 1.000000 
14 1.000000 0.000000 0.000000 0.000000 0.000000 1.000000 0.000000 0.000000 0.000000 0.000000 1.000000 0.000000 8.369940 26.313562 0.041730 1.000000 
15 1.000000 0.000000 0.000000 0.000000 0.000000 1.000000 0.000000 0.000000 0.000000 0.000000 1.000000 0.000000 12.925657 19.375662 0.041727 1.000000 
16 1.000000 0.000000 0.000000 0.000000 0.000000 1.000000 0.000000 0.000000 0.000000 0.000000 1.000000 0.000000 10.907738 24.218672 -2.948849 1.000000 
17 1.000000 0.000000 0.000000 0.000000 0.000000 1.000000 0.000000 0.000000 0.000000 0.000000 1.000000 0.000000 10.786545 24.314993 3.035255 1.000000 
18 1.000000 0.000000 0.000000 0.000000 0.000000 1.000000 0.000000 0.000000 0.000000 0.000000 1.000000 0.000000 3.518812 20.525133 0.041339 1.000000 
19 1.000000 0.000000 0.000000 0.000000 0.000000 1.000000 0.000000 0.000000 0.000000 0.000000 1.000000 0.000000 3.518812 20.525133 0.041339 1.000000 
20 1.000000 0.000000 0.000000 0.000000 0.000000 1.000000 0.000000 0.000000 0.000000 0.000000 1.000000 0.000000 3.518815 20.525133 0.041340 1.000000 
22 1.000000 0.000000 0.000000 0.000000 0.000000 1.000000 0.000000 0.000000 0.000000 0.000000 1.000000 0.000000 -12.958436 50.551388 0.041728 1.000000 
[KEY]
1 1.000000 0.000000 0.000000 0.000000 0.000000 1.000000 0.000000 0.000000 0.000000 0.000000 1.000000 0.000000 -10.226984 0.232216 0.001319 1.000000 
2 1.000000 0.000000 0.000000 0.000000 0.000000 1.000000 0.000000 0.000000 0.000000 0.000000 1.000000 0.000000 -8.220621 3.117939 0.087522 1.000000 
3 1.000000 0.000000 0.000000 0.000000 0.000000 1.000000 0.000000 0.000000 0.000000 0.000000 1.000000 0.000000 13.104794 21.839785 2.805083 1.000000 
6 1.000000 0.000000 0.000000 0.000000 0.000000 1.000000 0.000000 0.000000 0.000000 0.000000 1.000000 0.000000 13.104780 21.839836 -2.644310 1.000000 
9 0.991326 0.131429 0.000000 0.000000 -0.131429 0.991326 0.000000 0.000000 0.000000 0.000000 1.000000 0.000000 -13.320125 22.519575 0.087124 1.000000 
12 1.000000 0.000000 0.000000 0.000000 0.000000 1.000000 0.000000 0.000000 0.000000 0.000000 1.000000 0.000000 -13.320125 22.519575 0.087124 1.000000 
27 1.000000 0.000000 0.000000 0.000000 0.000000 1.000000 0.000000 0.000000 0.000000 0.000000 1.000000 0.000000 -1.144639 18.757816 -8.082626 1.000000 
32 1.000000 0.000000 0.000000 0.000000 0.000000 1.000000 0.000000 0.000000 0.000000 0.000000 1.000000 0.000000 3.298594 22.519560 -5.340532 1.000000 
37 1.000000 0.000000 0.000000 0.000000 0.000000 1.000000 0.000000 0.000000 0.000000 0.000000 1.000000 0.000000 -6.672101 19.356230 -8.900009 1.000000 
42 1.000000 0.000000 0.000000 0.000000 0.000000 1.000000 0.000000 0.000000 0.000000 0.000000 1.000000 0.000000 -10.522974 20.056408 -6.950929 1.000000 
47 1.000000 0.000000 0.000000 0.000000 0.000000 1.000000 0.000000 0.000000 0.000000 0.000000 1.000000 0.000000 -1.144636 18.757788 8.257668 1.000000 
52 1.000000 0.000000 0.000000 0.000000 0.000000 1.000000 0.000000 0.000000 0.000000 0.000000 1.000000 0.000000 3.298550 22.519573 5.515573 1.000000 
57 1.000000 0.000000 0.000000 0.000000 0.000000 1.000000 0.000000 0.000000 0.000000 0.000000 1.000000 0.000000 -6.672104 19.356277 9.075053 1.000000 
62 1.000000 0.000000 0.000000 0.000000 0.000000 1.000000 0.000000 0.000000 0.000000 0.000000 1.000000 0.000000 -10.522975 20.056383 7.125974 1.000000 
13 1.000000 0.000000 0.000000 0.000000 0.000000 1.000000 0.000000 0.000000 0.000000 0.000000 1.000000 0.000000 4.786292 22.141558 0.087134 1.000000 
28 0.999583 -0.022749 -0.017780 0.000000 0.022378 0.999533 -0.020785 0.000000 0.018245 0.020379 0.999626 0.000000 0.551699 20.645729 -11.651900 1.000000 
33 0.999955 -0.005385 -0.007772 0.000000 0.005387 0.999985 0.000204 0.000000 0.007771 -0.000246 0.999970 0.000000 5.889579 23.825239 -7.210685 1.000000 
38 0.999319 0.012468 -0.034718 0.000000 -0.015158 0.996813 -0.078321 0.000000 0.033631 0.078794 0.996323 0.000000 -6.843417 20.790337 -14.546783 1.000000 
43 0.998005 0.052609 -0.034899 0.000000 -0.053797 0.997972 -0.034021 0.000000 0.033038 0.035830 0.998812 0.000000 -12.624454 19.946157 -12.683942 1.000000 
48 0.999623 -0.021564 0.016989 0.000000 0.021230 0.999582 0.019631 0.000000 -0.017405 -0.019263 0.999663 0.000000 0.551697 20.645754 11.826982 1.000000 
53 0.999942 0.004539 0.009789 0.000000 -0.004513 0.999986 -0.002725 0.000000 -0.009801 0.002680 0.999948 0.000000 5.889590 23.825275 7.385727 1.000000 
58 0.999341 0.011987 0.034270 0.000000 -0.014559 0.997016 0.075808 0.000000 -0.033259 -0.076257 0.996533 0.000000 -6.843421 20.790308 14.721792 1.000000 
63 0.998095 0.052261 0.032799 0.000000 -0.053351 0.998020 0.033298 0.000000 -0.030994 -0.034985 0.998907 0.000000 -12.624452 19.946138 12.859019 1.000000 
4 0.998756 0.046393 0.018283 0.000000 -0.046400 0.998923 -0.000074 0.000000 -0.018267 -0.000774 0.999833 0.000000 16.462791 15.755887 6.356628 1.000000 
7 0.999813 -0.017712 -0.007753 0.000000 0.017733 0.999839 0.002587 0.000000 0.007706 -0.002724 0.999967 0.000000 16.462793 15.755936 -6.184722 1.000000 
29 0.999510 -0.026311 -0.016980 0.000000 0.025881 0.999351 -0.025050 0.000000 0.017628 0.024598 0.999542 0.000000 11.959960 55.179382 -32.323364 1.000000 
34 0.999805 -0.019012 -0.005335 0.000000 0.018996 0.999815 -0.002993 0.000000 0.005391 0.002891 0.999981 0.000000 36.426823 50.936928 -19.181543 1.000000 
39 0.999529 0.007368 -0.029793 0.000000 -0.008887 0.998651 -0.051156 0.000000 0.029376 0.051396 0.998246 0.000000 -9.579916 46.945110 -34.239319 1.000000 
44 0.998884 0.034689 -0.032064 0.000000 -0.034715 0.999397 -0.000259 0.000000 0.032035 0.001372 0.999486 0.000000 -21.975931 67.516472 -30.151180 1.000000 
49 0.999540 -0.025691 0.016096 0.000000 0.025291 0.999379 0.024550 0.000000 -0.016717 -0.024132 0.999569 0.000000 11.936582 55.216095 32.449871 1.000000 
54 0.999843 -0.016607 0.006135 0.000000 0.016593 0.999860 0.002277 0.000000 -0.006172 -0.002175 0.999979 0.000000 36.132645 51.267937 19.349007 1.000000 
59 0.999445 0.008548 0.032203 0.000000 -0.010178 0.998657 0.050798 0.000000 -0.031725 -0.051097 0.998190 0.000000 -9.556818 46.996384 34.349274 1.000000 
64 0.999109 0.031569 0.028013 0.000000 -0.031770 0.999472 0.006744 0.000000 -0.027786 -0.007628 0.999585 0.000000 -21.922350 67.534508 30.305777 1.000000 
5 0.999939 -0.008747 0.006735 0.000000 0.008756 0.999961 -0.001307 0.000000 -0.006723 0.001366 0.999976 0.000000 17.320873 11.504601 6.550894 1.000000 
8 0.998820 -0.048422 -0.003646 0.000000 0.048431 0.998824 0.002419 0.000000 0.003525 -0.002593 0.999990 0.000000 17.071066 11.440577 -6.382567 1.000000 
30 0.999425 -0.030085 -0.015626 0.000000 0.029611 0.999120 -0.029705 0.000000 0.016506 0.029226 0.999437 0.000000 25.912668 52.593147 -54.034260 1.000000 
35 0.999524 -0.030799 -0.001738 0.000000 0.030788 0.999508 -0.005999 0.000000 0.001922 0.005942 0.999981 0.000000 72.776077 39.860817 -29.400259 1.000000 
40 0.999628 0.004428 -0.026898 0.000000 -0.005370 0.999372 -0.035037 0.000000 0.026726 0.035168 0.999024 0.000000 -14.789293 42.390446 -54.401127 1.000000 
45 0.999149 0.026088 -0.031944 0.000000 -0.025675 0.999582 0.013281 0.000000 0.032277 -0.012450 0.999401 0.000000 -41.545132 58.820652 -44.808643 1.000000 
50 0.999441 -0.030072 0.014591 0.000000 0.029625 0.999113 0.029928 0.000000 -0.015478 -0.029479 0.999446 0.000000 25.910307 52.648819 54.149490 1.000000 
55 0.999357 -0.035847 0.000301 0.000000 0.035844 0.999332 0.007061 0.000000 -0.000554 -0.007046 0.999975 0.000000 72.500351 40.286537 29.604469 1.000000 
60 0.999527 0.006252 0.030097 0.000000 -0.007331 0.999330 0.035870 0.000000 -0.029852 -0.036074 0.998903 0.000000 -14.809560 42.442406 54.499981 1.000000 
65 0.999432 0.023201 0.024458 0.000000 -0.023119 0.999726 -0.003624 0.000000 -0.024536 0.003056 0.999694 0.000000 -41.454578 58.802849 44.991348 1.000000 
31 0.999347 -0.033138 -0.014420 0.000000 0.032639 0.998904 -0.033544 0.000000 0.015515 0.033052 0.999333 0.000000 41.159599 35.783264 -68.035057 1.000000 
36 0.999319 -0.036884 0.001083 0.000000 0.036891 0.999290 -0.007697 0.000000 -0.000798 0.007732 0.999970 0.000000 98.155769 20.097052 -32.314995 1.000000 
41 0.999670 0.002412 -0.025587 0.000000 -0.003075 0.999660 -0.025881 0.000000 0.025516 0.025951 0.999337 0.000000 -20.283934 26.579987 -67.028717 1.000000 
46 0.999215 0.027399 -0.028603 0.000000 -0.026921 0.999494 0.016953 0.000000 0.029053 -0.016169 0.999447 0.000000 -61.487034 33.303818 -50.935265 1.000000 
51 0.999362 -0.033063 0.013504 0.000000 0.032594 0.998904 0.033604 0.000000 -0.014600 -0.033142 0.999344 0.000000 41.171909 35.835594 68.130272 1.000000 
56 0.998980 -0.044994 -0.003917 0.000000 0.045030 0.998939 0.009613 0.000000 0.003480 -0.009780 0.999946 0.000000 97.784256 20.391548 32.461761 1.000000 
61 0.999571 0.004394 0.028941 0.000000 -0.005188 0.999610 0.027439 0.000000 -0.028809 -0.027578 0.999204 0.000000 -20.315281 26.611021 67.096565 1.000000 
66 0.999474 0.024438 0.021332 0.000000 -0.024290 0.999679 -0.007157 0.000000 -0.021500 0.006635 0.999747 0.000000 -61.416374 33.280613 51.030205 1.000000 
67 1.000000 0.000000 0.000000 0.000000 0.000000 1.000000 0.000000 0.000000 0.000000 0.000000 1.000000 0.000000 0.000000 83.070496 0.000000 1.000000 
68 1.000000 0.000000 0.000000 0.000000 0.000000 1.000000 0.000000 0.000000 0.000000 0.000000 1.000000 0.000000 -10.226984 0.232216 0.001319 1.000000 
69 1.000000 0.000000 0.000000 0.000000 0.000000 1.000000 0.000000 0.000000 0.000000 0.000000 1.000000 0.000000 -10.226978 70.730209 0.001320 1.000000 
70 1.000000 0.000000 0.000000 0.000000 0.000000 1.000000 0.000000 0.000000 0.000000 0.000000 1.000000 0.000000 -10.226987 0.232216 0.001319 1.000000 
71 1.000000 0.000000 0.000000 0.000000 0.000000 1.000000 0.000000 0.000000 0.000000 0.000000 1.000000 0.000000 -10.226987 0.232216 0.001319 1.000000 
72 1.000000 0.000000 0.000000 0.000000 0.000000 1.000000 0.000000 0.000000 0.000000 0.000000 1.000000 0.000000 115.125870 0.000000 -32.474308 1.000000 
73 1.000000 0.000000 0.000000 0.000000 0.000000 1.000000 0.000000 0.000000 0.000000 0.000000 1.000000 0.000000 62.749397 0.000000 -78.997215 1.000000 
74 1.000000 0.000000 0.000000 0.000000 0.000000 1.000000 0.000000 0.000000 0.000000 0.000000 1.000000 0.000000 1.802011 0.000000 -75.468254 1.000000 
75 1.000000 0.000000 0.000000 0.000000 0.000000 1.000000 0.000000 0.000000 0.000000 0.000000 1.000000 0.000000 -89.168083 0.000000 -51.799946 1.000000 
76 1.000000 0.000000 0.000000 0.000000 0.000000 1.000000 0.000000 0.000000 0.000000 0.000000 1.000000 0.000000 119.592667 0.000000 32.457558 1.000000 
77 1.000000 0.000000 0.000000 0.000000 0.000000 1.000000 0.000000 0.000000 0.000000 0.000000 1.000000 0.000000 55.606968 0.000000 78.943047 1.000000 
78 1.000000 0.000000 0.000000 0.000000 0.000000 1.000000 0.000000 0.000000 0.000000 0.000000 1.000000 0.000000 5.046760 0.000000 75.453720 1.000000 
79 1.000000 0.000000 0.000000 0.000000 0.000000 1.000000 0.000000 0.000000 0.000000 0.000000 1.000000 0.000000 -89.121231 0.000000 51.801723 1.000000 
80 1.000000 0.000000 0.000000 0.000000 0.000000 1.000000 0.000000 0.000000 0.000000 0.000000 1.000000 0.000000 132.160492 0.000000 -32.441174 1.000000 
81 1.000000 0.000000 0.000000 0.000000 0.000000 1.000000 0.000000 0.000000 0.000000 0.000000 1.000000 0.000000 68.761414 0.000000 -79.050568 1.000000 
82 1.000000 0.000000 0.000000 0.000000 0.000000 1.000000 0.000000 0.000000 0.000000 0.000000 1.000000 0.000000 13.905589 0.000000 -75.478256 1.000000 
83 1.000000 0.000000 0.000000 0.000000 0.000000 1.000000 0.000000 0.000000 0.000000 0.000000 1.000000 0.000000 -58.008385 0.000000 -51.798386 1.000000 
84 1.000000 0.000000 0.000000 0.000000 0.000000 1.000000 0.000000 0.000000 0.000000 0.000000 1.000000 0.000000 139.501648 0.000000 32.435669 1.000000 
85 1.000000 0.000000 0.000000 0.000000 0.000000 1.000000 0.000000 0.000000 0.000000 0.000000 1.000000 0.000000 59.696896 0.000000 78.963730 1.000000 
86 1.000000 0.000000 0.000000 0.000000 0.000000 1.000000 0.000000 0.000000 0.000000 0.000000 1.000000 0.000000 16.943512 0.000000 75.447723 1.000000 
87 1.000000 0.000000 0.000000 0.000000 0.000000 1.000000 0.000000 0.000000 0.000000 0.000000 1.000000 0.000000 -58.530979 0.000000 51.800949 1.000000 
10 0.991326 0.131429 0.000000 0.000000 -0.131429 0.991326 0.000000 0.000000 0.000000 0.000000 1.000000 0.000000 -55.820007 71.955872 0.087435 1.000000 
11 1.225407 -0.657629 -0.001816 0.000000 0.657621 1.225405 -0.004600 0.000000 0.003775 0.003194 1.390711 0.000000 -67.884407 68.150681 1.558511 1.000000 
21 1.000000 0.000000 0.000000 0.000000 0.000000 1.000000 0.000000 0.000000 0.000000 0.000000 1.000000 0.000000 -11.690955 52.667152 0.087522 1.000000 
23 1.000000 0.000000 0.000000 0.000000 0.000000 1.000000 0.000000 0.000000 0.000000 0.000000 1.000000 0.000000 -8.220623 23.091608 0.087522 1.000000 
24 1.000000 0.000000 0.000000 0.000000 0.000000 1.000000 0.000000 0.000000 0.000000 0.000000 1.000000 0.000000 -8.220621 23.091608 0.087522 1.000000 
25 1.000000 0.000000 0.000000 0.000000 0.000000 1.000000 0.000000 0.000000 0.000000 0.000000 1.000000 0.000000 -8.220621 23.091608 0.087522 1.000000 
26 1.000000 0.000000 0.000000 0.000000 0.000000 1.000000 0.000000 0.000000 0.000000 0.000000 1.000000 0.000000 -8.220621 23.091608 0.087522 1.000000 
14 1.000000 0.000000 0.000000 0.000000 0.000000 1.000000 0.000000 0.000000 0.000000 0.000000 1.000000 0.000000 9.637420 27.929987 0.087525 1.000000 
15 1.000000 0.000000 0.000000 0.000000 0.000000 1.000000 0.000000 0.000000 0.000000 0.000000 1.000000 0.000000 14.193137 20.992086 0.087522 1.000000 
16 1.000000 0.000000 0.000000 0.000000 0.000000 1.000000 0.000000 0.000000 0.000000 0.000000 1.000000 0.000000 12.175217 25.835096 -2.903055 1.000000 
17 1.000000 0.000000 0.000000 0.000000 0.000000 1.000000 0.000000 0.000000 0.000000 0.000000 1.000000 0.000000 12.054025 25.931417 3.081050 1.000000 
18 1.000000 0.000000 0.000000 0.000000 0.000000 1.000000 0.000000 0.000000 0.000000 0.000000 1.000000 0.000000 4.786292 22.141558 0.087134 1.000000 
19 1.000000 0.000000 0.000000 0.000000 0.000000 1.000000 0.000000 0.000000 0.000000 0.000000 1.000000 0.000000 4.786292 22.141558 0.087134 1.000000 
20 1.000000 0.000000 0.000000 0.000000 0.000000 1.000000 0.000000 0.000000 0.000000 0.000000 1.000000 0.000000 4.786294 22.141558 0.087135 1.000000 
22 1.000000 0.000000 0.000000 0.000000 0.000000 1.000000 0.000000 0.000000 0.000000 0.000000 1.000000 0.000000 -11.690957 52.167809 0.087522 1.000000 
[KEY]
1 1.000000 0.000000 0.000000 0.000000 0.000000 1.000000 0.000000 0.000000 0.000000 0.000000 1.000000 0.000000 -10.226984 0.232216 0.001319 1.000000 
