[FRAME_COUNT]
40
[DURATION]
1.666667
[BONE_COUNT]
87
[KEY]
1 1.000000 0.000000 0.000000 0.000000 0.000000 1.000000 0.000000 0.000000 0.000000 0.000000 1.000000 0.000000 -10.226984 0.232216 0.001319 1.000000 
2 1.000000 0.000000 0.000000 0.000000 0.000000 1.000000 0.000000 0.000000 0.000000 0.000000 1.000000 0.000000 -10.226984 0.232216 0.001319 1.000000 
3 1.000000 0.000000 0.000000 0.000000 0.000000 1.000000 0.000000 0.000000 0.000000 0.000000 1.000000 0.000000 11.098431 18.954062 2.718880 1.000000 
6 1.000000 0.000000 0.000000 0.000000 0.000000 1.000000 0.000000 0.000000 0.000000 0.000000 1.000000 0.000000 11.098417 18.954113 -2.730513 1.000000 
9 0.991326 0.131429 0.000000 0.000000 -0.131429 0.991326 0.000000 0.000000 0.000000 0.000000 1.000000 0.000000 -15.326487 19.633852 0.000921 1.000000 
12 1.000000 0.000000 0.000000 0.000000 0.000000 1.000000 0.000000 0.000000 0.000000 0.000000 1.000000 0.000000 -15.326487 19.633852 0.000921 1.000000 
27 1.000000 0.000000 0.000000 0.000000 0.000000 1.000000 0.000000 0.000000 0.000000 0.000000 1.000000 0.000000 -3.151001 15.872094 -8.168830 1.000000 
32 1.000000 0.000000 0.000000 0.000000 0.000000 1.000000 0.000000 0.000000 0.000000 0.000000 1.000000 0.000000 1.292232 19.633837 -5.426734 1.000000 
37 1.000000 0.000000 0.000000 0.000000 0.000000 1.000000 0.000000 0.000000 0.000000 0.000000 1.000000 0.000000 -8.678464 16.470507 -8.986213 1.000000 
42 1.000000 0.000000 0.000000 0.000000 0.000000 1.000000 0.000000 0.000000 0.000000 0.000000 1.000000 0.000000 -12.529337 17.170685 -7.037132 1.000000 
47 1.000000 0.000000 0.000000 0.000000 0.000000 1.000000 0.000000 0.000000 0.000000 0.000000 1.000000 0.000000 -3.150999 15.872065 8.171465 1.000000 
52 1.000000 0.000000 0.000000 0.000000 0.000000 1.000000 0.000000 0.000000 0.000000 0.000000 1.000000 0.000000 1.292188 19.633850 5.429370 1.000000 
57 1.000000 0.000000 0.000000 0.000000 0.000000 1.000000 0.000000 0.000000 0.000000 0.000000 1.000000 0.000000 -8.678467 16.470554 8.988850 1.000000 
62 1.000000 0.000000 0.000000 0.000000 0.000000 1.000000 0.000000 0.000000 0.000000 0.000000 1.000000 0.000000 -12.529338 17.170660 7.039771 1.000000 
13 1.000000 0.000000 0.000000 0.000000 0.000000 1.000000 0.000000 0.000000 0.000000 0.000000 1.000000 0.000000 2.779930 19.255835 0.000931 1.000000 
28 0.999992 -0.003966 0.000742 0.000000 0.003969 0.999981 -0.004698 0.000000 -0.000723 0.004701 0.999989 0.000000 -1.454664 17.760006 -11.738103 1.000000 
33 0.999999 0.001282 0.000000 0.000000 -0.001282 0.999999 0.000183 0.000000 0.000000 -0.000183 1.000000 0.000000 3.883216 20.939516 -7.296888 1.000000 
38 0.999997 0.002500 -0.000500 0.000000 -0.002505 0.999954 -0.009216 0.000000 0.000477 0.009217 0.999957 0.000000 -8.849779 17.904613 -14.632987 1.000000 
43 1.000000 0.000427 -0.000000 0.000000 -0.000427 1.000000 -0.000244 0.000000 -0.000000 0.000244 1.000000 0.000000 -14.630817 17.060434 -12.770145 1.000000 
48 0.999992 -0.004028 -0.000315 0.000000 0.004029 0.999981 0.004638 0.000000 0.000296 -0.004639 0.999989 0.000000 -1.454666 17.760031 11.740780 1.000000 
53 0.999999 0.001282 -0.000000 0.000000 -0.001282 0.999999 -0.000244 0.000000 -0.000000 0.000244 1.000000 0.000000 3.883228 20.939552 7.299524 1.000000 
58 0.999997 0.002500 0.000500 0.000000 -0.002505 0.999956 0.009094 0.000000 -0.000477 -0.009095 0.999959 0.000000 -8.849784 17.904585 14.635589 1.000000 
63 1.000000 0.000000 0.000000 0.000000 0.000000 1.000000 0.000000 0.000000 0.000000 0.000000 1.000000 0.000000 -14.630815 17.060415 12.772816 1.000000 
4 1.000000 0.000000 0.000000 0.000000 0.000000 1.000000 0.000000 0.000000 0.000000 0.000000 1.000000 0.000000 14.456429 12.870164 6.270426 1.000000 
7 1.000000 0.000000 0.000000 0.000000 0.000000 1.000000 0.000000 0.000000 0.000000 0.000000 1.000000 0.000000 14.456430 12.870213 -6.270925 1.000000 
29 0.999992 -0.003966 0.000742 0.000000 0.003968 0.999987 -0.003294 0.000000 -0.000729 0.003297 0.999994 0.000000 9.684689 52.825428 -31.646954 1.000000 
34 0.999999 0.001038 0.000000 0.000000 -0.001038 0.999999 0.000183 0.000000 0.000000 -0.000183 1.000000 0.000000 34.331142 48.254070 -19.031767 1.000000 
39 0.999998 0.002137 -0.000131 0.000000 -0.002138 0.999972 -0.007141 0.000000 0.000115 0.007141 0.999974 0.000000 -10.652314 45.391586 -32.537563 1.000000 
44 1.000000 0.000427 -0.000000 0.000000 -0.000427 1.000000 -0.000244 0.000000 -0.000000 0.000244 1.000000 0.000000 -20.872175 65.625031 -28.832985 1.000000 
49 0.999994 -0.003478 -0.000312 0.000000 0.003479 0.999987 0.003601 0.000000 0.000300 -0.003602 0.999993 0.000000 9.678398 52.825916 31.652239 1.000000 
54 0.999999 0.001038 -0.000000 0.000000 -0.001038 0.999999 -0.000244 0.000000 -0.000000 0.000244 1.000000 0.000000 34.331215 48.254665 19.032671 1.000000 
59 0.999997 0.002256 0.000498 0.000000 -0.002259 0.999973 0.006958 0.000000 -0.000482 -0.006959 0.999976 0.000000 -10.652305 45.393814 32.536766 1.000000 
64 1.000000 0.000000 0.000000 0.000000 0.000000 1.000000 0.000000 0.000000 0.000000 0.000000 1.000000 0.000000 -20.851460 65.631584 28.823818 1.000000 
5 1.000000 0.000000 0.000000 0.000000 0.000000 1.000000 0.000000 0.000000 0.000000 0.000000 1.000000 0.000000 15.119763 8.583627 6.452275 1.000000 
8 1.000000 0.000000 0.000000 0.000000 0.000000 1.000000 0.000000 0.000000 0.000000 0.000000 1.000000 0.000000 15.142559 8.565822 -6.452322 1.000000 
30 0.999993 -0.003660 0.000741 0.000000 0.003662 0.999990 -0.002745 0.000000 -0.000731 0.002748 0.999996 0.000000 24.076151 51.017860 -53.149239 1.000000 
35 1.000000 0.000854 0.000000 0.000000 -0.000854 1.000000 0.000183 0.000000 0.000000 -0.000183 1.000000 0.000000 70.949120 37.940910 -29.088259 1.000000 
40 0.999998 0.001955 0.000054 0.000000 -0.001955 0.999980 -0.005981 0.000000 -0.000065 0.005981 0.999982 0.000000 -15.287053 41.764446 -53.025219 1.000000 
45 1.000000 0.000427 -0.000000 0.000000 -0.000427 1.000000 -0.000244 0.000000 -0.000000 0.000244 1.000000 0.000000 -40.247787 57.605583 -44.119785 1.000000 
50 0.999995 -0.003174 -0.000128 0.000000 0.003174 0.999990 0.003051 0.000000 0.000118 -0.003052 0.999995 0.000000 24.061455 51.018864 53.160179 1.000000 
55 1.000000 0.000854 -0.000000 0.000000 -0.000854 1.000000 -0.000244 0.000000 -0.000000 0.000244 1.000000 0.000000 70.949226 37.942051 29.089857 1.000000 
60 0.999997 0.002256 0.000498 0.000000 -0.002259 0.999981 0.005737 0.000000 -0.000485 -0.005738 0.999983 0.000000 -15.294186 41.769905 53.023376 1.000000 
65 1.000000 0.000000 0.000000 0.000000 0.000000 1.000000 0.000000 0.000000 0.000000 0.000000 1.000000 0.000000 -40.230537 57.624107 44.112617 1.000000 
31 0.999994 -0.003416 0.000740 0.000000 0.003418 0.999991 -0.002501 0.000000 -0.000732 0.002504 0.999997 0.000000 39.990776 34.992771 -67.326134 1.000000 
36 1.000000 0.000854 0.000000 0.000000 -0.000854 1.000000 0.000183 0.000000 0.000000 -0.000183 1.000000 0.000000 96.946678 19.008490 -32.075081 1.000000 
41 0.999998 0.001955 0.000054 0.000000 -0.001955 0.999984 -0.005371 0.000000 -0.000064 0.005371 0.999986 0.000000 -20.479162 26.346292 -66.251717 1.000000 
46 1.000000 0.000427 -0.000000 0.000000 -0.000427 1.000000 -0.000244 0.000000 -0.000000 0.000244 1.000000 0.000000 -60.631977 32.519764 -50.562614 1.000000 
51 0.999996 -0.002930 -0.000127 0.000000 0.002930 0.999992 0.002746 0.000000 0.000119 -0.002747 0.999996 0.000000 39.975174 34.997158 67.341927 1.000000 
56 1.000000 0.000854 -0.000000 0.000000 -0.000854 1.000000 -0.000244 0.000000 -0.000000 0.000244 1.000000 0.000000 96.947113 19.009739 32.077862 1.000000 
61 0.999997 0.002256 0.000498 0.000000 -0.002259 0.999985 0.005066 0.000000 -0.000486 -0.005067 0.999987 0.000000 -20.488979 26.353422 66.250839 1.000000 
66 1.000000 0.000000 0.000000 0.000000 0.000000 1.000000 0.000000 0.000000 0.000000 0.000000 1.000000 0.000000 -60.625427 32.548477 50.561409 1.000000 
67 1.000000 0.000000 0.000000 0.000000 0.000000 1.000000 0.000000 0.000000 0.000000 0.000000 1.000000 0.000000 0.000000 83.070496 0.000000 1.000000 
68 1.000000 0.000000 0.000000 0.000000 0.000000 1.000000 0.000000 0.000000 0.000000 0.000000 1.000000 0.000000 -10.226984 0.232216 0.001319 1.000000 
69 1.000000 0.000000 0.000000 0.000000 0.000000 1.000000 0.000000 0.000000 0.000000 0.000000 1.000000 0.000000 -10.226978 70.730209 0.001320 1.000000 
70 1.000000 0.000000 0.000000 0.000000 0.000000 1.000000 0.000000 0.000000 0.000000 0.000000 1.000000 0.000000 -10.226987 0.232216 0.001319 1.000000 
71 1.000000 0.000000 0.000000 0.000000 0.000000 1.000000 0.000000 0.000000 0.000000 0.000000 1.000000 0.000000 -10.226987 0.232216 0.001319 1.000000 
72 1.000000 0.000000 0.000000 0.000000 0.000000 1.000000 0.000000 0.000000 0.000000 0.000000 1.000000 0.000000 115.125870 0.000000 -32.474308 1.000000 
73 1.000000 0.000000 0.000000 0.000000 0.000000 1.000000 0.000000 0.000000 0.000000 0.000000 1.000000 0.000000 62.749397 0.000000 -78.997215 1.000000 
74 1.000000 0.000000 0.000000 0.000000 0.000000 1.000000 0.000000 0.000000 0.000000 0.000000 1.000000 0.000000 1.802011 0.000000 -75.468254 1.000000 
75 1.000000 0.000000 0.000000 0.000000 0.000000 1.000000 0.000000 0.000000 0.000000 0.000000 1.000000 0.000000 -89.168083 0.000000 -51.799946 1.000000 
76 1.000000 0.000000 0.000000 0.000000 0.000000 1.000000 0.000000 0.000000 0.000000 0.000000 1.000000 0.000000 119.592667 0.000000 32.457558 1.000000 
77 1.000000 0.000000 0.000000 0.000000 0.000000 1.000000 0.000000 0.000000 0.000000 0.000000 1.000000 0.000000 55.606968 0.000000 78.943047 1.000000 
78 1.000000 0.000000 0.000000 0.000000 0.000000 1.000000 0.000000 0.000000 0.000000 0.000000 1.000000 0.000000 5.046760 0.000000 75.453720 1.000000 
79 1.000000 0.000000 0.000000 0.000000 0.000000 1.000000 0.000000 0.000000 0.000000 0.000000 1.000000 0.000000 -89.121231 0.000000 51.801723 1.000000 
80 1.000000 0.000000 0.000000 0.000000 0.000000 1.000000 0.000000 0.000000 0.000000 0.000000 1.000000 0.000000 132.160492 0.000000 -32.441174 1.000000 
81 1.000000 0.000000 0.000000 0.000000 0.000000 1.000000 0.000000 0.000000 0.000000 0.000000 1.000000 0.000000 68.761414 0.000000 -79.050568 1.000000 
82 1.000000 0.000000 0.000000 0.000000 0.000000 1.000000 0.000000 0.000000 0.000000 0.000000 1.000000 0.000000 13.905589 0.000000 -75.478256 1.000000 
83 1.000000 0.000000 0.000000 0.000000 0.000000 1.000000 0.000000 0.000000 0.000000 0.000000 1.000000 0.000000 -58.008385 0.000000 -51.798386 1.000000 
84 1.000000 0.000000 0.000000 0.000000 0.000000 1.000000 0.000000 0.000000 0.000000 0.000000 1.000000 0.000000 139.501648 0.000000 32.435669 1.000000 
85 1.000000 0.000000 0.000000 0.000000 0.000000 1.000000 0.000000 0.000000 0.000000 0.000000 1.000000 0.000000 59.696896 0.000000 78.963730 1.000000 
86 1.000000 0.000000 0.000000 0.000000 0.000000 1.000000 0.000000 0.000000 0.000000 0.000000 1.000000 0.000000 16.943512 0.000000 75.447723 1.000000 
87 1.000000 0.000000 0.000000 0.000000 0.000000 1.000000 0.000000 0.000000 0.000000 0.000000 1.000000 0.000000 -58.530979 0.000000 51.800949 1.000000 
10 0.991326 0.131429 0.000000 0.000000 -0.131429 0.991326 0.000000 0.000000 0.000000 0.000000 1.000000 0.000000 -57.826370 69.070145 0.001232 1.000000 
11 1.225407 -0.657629 -0.001816 0.000000 0.657621 1.225405 -0.004600 0.000000 0.003775 0.003194 1.390711 0.000000 -69.890770 65.264961 1.472308 1.000000 
21 1.000000 0.000000 0.000000 0.000000 0.000000 1.000000 0.000000 0.000000 0.000000 0.000000 1.000000 0.000000 -13.697318 49.781429 0.001319 1.000000 
23 1.000000 0.000000 0.000000 0.000000 0.000000 1.000000 0.000000 0.000000 0.000000 0.000000 1.000000 0.000000 -10.226986 20.205885 0.001319 1.000000 
24 1.000000 0.000000 0.000000 0.000000 0.000000 1.000000 0.000000 0.000000 0.000000 0.000000 1.000000 0.000000 -10.226984 20.205885 0.001319 1.000000 
25 1.000000 0.000000 0.000000 0.000000 0.000000 1.000000 0.000000 0.000000 0.000000 0.000000 1.000000 0.000000 -10.226984 20.205885 0.001319 1.000000 
26 1.000000 0.000000 0.000000 0.000000 0.000000 1.000000 0.000000 0.000000 0.000000 0.000000 1.000000 0.000000 -10.226984 20.205885 0.001319 1.000000 
14 1.000000 0.000000 0.000000 0.000000 0.000000 1.000000 0.000000 0.000000 0.000000 0.000000 1.000000 0.000000 7.631057 25.044264 0.001322 1.000000 
15 1.000000 0.000000 0.000000 0.000000 0.000000 1.000000 0.000000 0.000000 0.000000 0.000000 1.000000 0.000000 12.186775 18.106363 0.001319 1.000000 
16 1.000000 0.000000 0.000000 0.000000 0.000000 1.000000 0.000000 0.000000 0.000000 0.000000 1.000000 0.000000 10.168854 22.949373 -2.989258 1.000000 
17 1.000000 0.000000 0.000000 0.000000 0.000000 1.000000 0.000000 0.000000 0.000000 0.000000 1.000000 0.000000 10.047662 23.045694 2.994847 1.000000 
18 1.000000 0.000000 0.000000 0.000000 0.000000 1.000000 0.000000 0.000000 0.000000 0.000000 1.000000 0.000000 2.779929 19.255835 0.000931 1.000000 
19 1.000000 0.000000 0.000000 0.000000 0.000000 1.000000 0.000000 0.000000 0.000000 0.000000 1.000000 0.000000 2.779929 19.255835 0.000931 1.000000 
20 1.000000 0.000000 0.000000 0.000000 0.000000 1.000000 0.000000 0.000000 0.000000 0.000000 1.000000 0.000000 2.779932 19.255835 0.000932 1.000000 
22 1.000000 0.000000 0.000000 0.000000 0.000000 1.000000 0.000000 0.000000 0.000000 0.000000 1.000000 0.000000 -13.697319 49.282085 0.001319 1.000000 
[KEY]
1 1.000000 0.000000 0.000000 0.000000 0.000000 1.000000 0.000000 0.000000 0.000000 0.000000 1.000000 0.000000 -10.226984 0.232216 0.001319 1.000000 
2 1.000000 0.000000 0.000000 0.000000 0.000000 1.000000 0.000000 0.000000 0.000000 0.000000 1.000000 0.000000 -10.226984 0.337733 0.001319 1.000000 
3 1.000000 0.000000 0.000000 0.000000 0.000000 1.000000 0.000000 0.000000 0.000000 0.000000 1.000000 0.000000 11.098431 19.059578 2.718880 1.000000 
6 1.000000 0.000000 0.000000 0.000000 0.000000 1.000000 0.000000 0.000000 0.000000 0.000000 1.000000 0.000000 11.098417 19.059629 -2.730513 1.000000 
9 0.990877 0.134771 0.000000 0.000000 -0.134771 0.990877 0.000000 0.000000 0.000000 0.000000 1.000000 0.000000 -15.326487 19.739368 0.000921 1.000000 
12 1.000000 0.000000 0.000000 0.000000 0.000000 1.000000 0.000000 0.000000 0.000000 0.000000 1.000000 0.000000 -15.326487 19.739368 0.000921 1.000000 
27 1.000000 0.000000 0.000000 0.000000 0.000000 1.000000 0.000000 0.000000 0.000000 0.000000 1.000000 0.000000 -3.151001 15.977610 -8.168830 1.000000 
32 1.000000 0.000000 0.000000 0.000000 0.000000 1.000000 0.000000 0.000000 0.000000 0.000000 1.000000 0.000000 1.292232 19.739353 -5.426734 1.000000 
37 1.000000 0.000000 0.000000 0.000000 0.000000 1.000000 0.000000 0.000000 0.000000 0.000000 1.000000 0.000000 -8.678464 16.576023 -8.986213 1.000000 
42 1.000000 0.000000 0.000000 0.000000 0.000000 1.000000 0.000000 0.000000 0.000000 0.000000 1.000000 0.000000 -12.529337 17.276201 -7.037132 1.000000 
47 1.000000 0.000000 0.000000 0.000000 0.000000 1.000000 0.000000 0.000000 0.000000 0.000000 1.000000 0.000000 -3.150999 15.977580 8.171465 1.000000 
52 1.000000 0.000000 0.000000 0.000000 0.000000 1.000000 0.000000 0.000000 0.000000 0.000000 1.000000 0.000000 1.292188 19.739367 5.429370 1.000000 
57 1.000000 0.000000 0.000000 0.000000 0.000000 1.000000 0.000000 0.000000 0.000000 0.000000 1.000000 0.000000 -8.678467 16.576071 8.988850 1.000000 
62 1.000000 0.000000 0.000000 0.000000 0.000000 1.000000 0.000000 0.000000 0.000000 0.000000 1.000000 0.000000 -12.529338 17.276176 7.039771 1.000000 
13 1.000000 0.000000 0.000000 0.000000 0.000000 1.000000 0.000000 0.000000 0.000000 0.000000 1.000000 0.000000 2.779930 19.361351 0.000931 1.000000 
28 0.999988 -0.004902 0.000910 0.000000 0.004907 0.999971 -0.005786 0.000000 -0.000881 0.005790 0.999983 0.000000 -1.454664 17.865522 -11.738103 1.000000 
33 1.000000 0.000110 0.000049 0.000000 -0.000110 1.000000 -0.000121 0.000000 -0.000049 0.000121 1.000000 0.000000 3.883216 21.045033 -7.296888 1.000000 
38 0.998891 -0.046545 -0.007130 0.000000 0.047088 0.987304 0.151704 0.000000 -0.000021 -0.151872 0.988400 0.000000 -8.849779 18.010130 -14.632987 1.000000 
43 0.999999 0.001683 -0.000131 0.000000 -0.001683 0.999998 -0.000969 0.000000 0.000129 0.000970 1.000000 0.000000 -14.630817 17.165951 -12.770145 1.000000 
48 0.999982 0.005897 -0.001395 0.000000 -0.005904 0.999969 -0.005139 0.000000 0.001364 0.005147 0.999986 0.000000 -1.454666 17.865547 11.740780 1.000000 
53 1.000000 0.000112 -0.000042 0.000000 -0.000112 1.000000 0.000114 0.000000 0.000042 -0.000114 1.000000 0.000000 3.883228 21.045067 7.299524 1.000000 
58 0.999995 0.002993 0.000581 0.000000 -0.002999 0.999935 0.011029 0.000000 -0.000548 -0.011031 0.999939 0.000000 -8.849784 18.010101 14.635589 1.000000 
63 0.999997 0.002274 0.000593 0.000000 -0.002273 0.999997 -0.001223 0.000000 -0.000596 0.001221 0.999999 0.000000 -14.630815 17.165932 12.772816 1.000000 
4 1.000000 0.000000 0.000000 0.000000 0.000000 1.000000 0.000000 0.000000 0.000000 0.000000 1.000000 0.000000 14.456429 12.975680 6.270426 1.000000 
7 1.000000 0.000000 0.000000 0.000000 0.000000 1.000000 0.000000 0.000000 0.000000 0.000000 1.000000 0.000000 14.456430 12.975728 -6.270925 1.000000 
29 0.999988 -0.004902 0.000910 0.000000 0.004905 0.999981 -0.003687 0.000000 -0.000891 0.003691 0.999993 0.000000 9.720781 52.898800 -31.683277 1.000000 
34 1.000000 0.000599 -0.000020 0.000000 -0.000599 1.000000 0.000109 0.000000 0.000020 -0.000109 1.000000 0.000000 34.363708 48.320316 -19.038567 1.000000 
39 0.999342 -0.034847 -0.010102 0.000000 0.035747 0.993313 0.109779 0.000000 0.006209 -0.110068 0.993905 0.000000 -9.270112 48.075264 -27.871851 1.000000 
44 0.999999 0.001362 -0.000092 0.000000 -0.001362 0.999999 -0.000351 0.000000 0.000092 0.000351 1.000000 0.000000 -20.935246 65.710999 -28.867393 1.000000 
49 0.999991 0.003864 -0.001805 0.000000 -0.003869 0.999988 -0.002916 0.000000 0.001793 0.002923 0.999994 0.000000 9.349724 53.233345 31.296127 1.000000 
54 1.000000 0.000609 0.000027 0.000000 -0.000609 1.000000 -0.000100 0.000000 -0.000027 0.000099 1.000000 0.000000 34.363636 48.320339 19.041178 1.000000 
59 0.999996 0.002611 0.000494 0.000000 -0.002615 0.999965 0.007930 0.000000 -0.000473 -0.007931 0.999968 0.000000 -10.667223 45.463734 32.589809 1.000000 
64 0.999998 0.001899 0.000517 0.000000 -0.001898 0.999997 -0.001719 0.000000 -0.000520 0.001718 0.999998 0.000000 -20.971401 65.742401 28.760721 1.000000 
5 0.999853 0.016783 0.003487 0.000000 -0.016784 0.999859 0.000298 0.000000 -0.003481 -0.000357 0.999994 0.000000 15.119763 8.689143 6.452275 1.000000 
8 0.999926 0.012084 -0.001340 0.000000 -0.012084 0.999927 -0.000221 0.000000 0.001337 0.000237 0.999999 0.000000 15.142559 8.671337 -6.452322 1.000000 
30 0.999989 -0.004597 0.000908 0.000000 0.004599 0.999985 -0.003138 0.000000 -0.000894 0.003142 0.999995 0.000000 24.114111 51.069298 -53.182457 1.000000 
35 1.000000 0.000509 -0.000045 0.000000 -0.000509 1.000000 0.000134 0.000000 0.000045 -0.000134 1.000000 0.000000 70.976952 37.990334 -29.095018 1.000000 
40 0.999623 -0.022908 -0.015149 0.000000 0.023841 0.997628 0.064579 0.000000 0.013634 -0.064915 0.997798 0.000000 -14.158291 47.047207 -48.594540 1.000000 
45 0.999999 0.001362 -0.000092 0.000000 -0.001362 0.999999 -0.000351 0.000000 0.000092 0.000351 1.000000 0.000000 -40.304760 57.671810 -44.151550 1.000000 
50 0.999995 0.002053 -0.002329 0.000000 -0.002055 0.999998 -0.000779 0.000000 0.002327 0.000784 0.999997 0.000000 23.777220 51.672279 52.793564 1.000000 
55 1.000000 0.000716 0.000126 0.000000 -0.000716 1.000000 -0.000191 0.000000 -0.000126 0.000191 1.000000 0.000000 70.976952 37.990562 29.097855 1.000000 
60 0.999997 0.002505 0.000402 0.000000 -0.002507 0.999978 0.006144 0.000000 -0.000386 -0.006145 0.999981 0.000000 -15.307689 41.818253 53.072914 1.000000 
65 0.999998 0.001876 0.000517 0.000000 -0.001876 0.999997 -0.001750 0.000000 -0.000520 0.001749 0.999998 0.000000 -40.343197 57.724411 44.053242 1.000000 
31 0.999990 -0.004352 0.000908 0.000000 0.004355 0.999986 -0.002894 0.000000 -0.000895 0.002898 0.999995 0.000000 40.016071 35.023739 -67.350410 1.000000 
36 1.000000 0.000488 -0.000058 0.000000 -0.000488 1.000000 0.000134 0.000000 0.000058 -0.000134 1.000000 0.000000 96.967834 19.048782 -32.082092 1.000000 
41 0.999708 -0.015145 -0.018830 0.000000 0.015783 0.999290 0.034225 0.000000 0.018298 -0.034512 0.999237 0.000000 -19.926308 32.739182 -62.794121 1.000000 
46 0.999999 0.001362 -0.000092 0.000000 -0.001362 0.999999 -0.000351 0.000000 0.000092 0.000351 1.000000 0.000000 -60.666080 32.566250 -50.589817 1.000000 
51 0.999996 0.000896 -0.002575 0.000000 -0.000894 0.999999 0.000628 0.000000 0.002576 -0.000626 0.999996 0.000000 39.805660 35.788475 67.001205 1.000000 
56 1.000000 0.000647 0.000180 0.000000 -0.000647 1.000000 -0.000222 0.000000 -0.000180 0.000222 1.000000 0.000000 96.971832 19.054485 32.088139 1.000000 
61 0.999997 0.002505 0.000402 0.000000 -0.002507 0.999982 0.005473 0.000000 -0.000388 -0.005474 0.999985 0.000000 -20.497364 26.395090 66.294601 1.000000 
66 0.999998 0.001876 0.000517 0.000000 -0.001876 0.999997 -0.001750 0.000000 -0.000520 0.001749 0.999998 0.000000 -60.694378 32.621868 50.535343 1.000000 
67 1.000000 0.000000 0.000000 0.000000 0.000000 1.000000 0.000000 0.000000 0.000000 0.000000 1.000000 0.000000 0.000000 83.070496 0.000000 1.000000 
68 1.000000 0.000000 0.000000 0.000000 0.000000 1.000000 0.000000 0.000000 0.000000 0.000000 1.000000 0.000000 -10.226984 0.232216 0.001319 1.000000 
69 1.000000 0.000000 0.000000 0.000000 0.000000 1.000000 0.000000 0.000000 0.000000 0.000000 1.000000 0.000000 -10.226978 70.730209 0.001320 1.000000 
70 1.000000 0.000000 0.000000 0.000000 0.000000 1.000000 0.000000 0.000000 0.000000 0.000000 1.000000 0.000000 -10.226987 0.232216 0.001319 1.000000 
71 1.000000 0.000000 0.000000 0.000000 0.000000 1.000000 0.000000 0.000000 0.000000 0.000000 1.000000 0.000000 -10.226987 0.232216 0.001319 1.000000 
72 1.000000 0.000000 0.000000 0.000000 0.000000 1.000000 0.000000 0.000000 0.000000 0.000000 1.000000 0.000000 115.125870 0.000000 -32.474308 1.000000 
73 1.000000 0.000000 0.000000 0.000000 0.000000 1.000000 0.000000 0.000000 0.000000 0.000000 1.000000 0.000000 62.749397 0.000000 -78.997215 1.000000 
74 1.000000 0.000000 0.000000 0.000000 0.000000 1.000000 0.000000 0.000000 0.000000 0.000000 1.000000 0.000000 1.802011 0.000000 -75.468254 1.000000 
75 1.000000 0.000000 0.000000 0.000000 0.000000 1.000000 0.000000 0.000000 0.000000 0.000000 1.000000 0.000000 -89.168083 0.000000 -51.799946 1.000000 
76 1.000000 0.000000 0.000000 0.000000 0.000000 1.000000 0.000000 0.000000 0.000000 0.000000 1.000000 0.000000 119.592667 0.000000 32.457558 1.000000 
77 1.000000 0.000000 0.000000 0.000000 0.000000 1.000000 0.000000 0.000000 0.000000 0.000000 1.000000 0.000000 55.606968 0.000000 78.943047 1.000000 
78 1.000000 0.000000 0.000000 0.000000 0.000000 1.000000 0.000000 0.000000 0.000000 0.000000 1.000000 0.000000 5.046760 0.000000 75.453720 1.000000 
79 1.000000 0.000000 0.000000 0.000000 0.000000 1.000000 0.000000 0.000000 0.000000 0.000000 1.000000 0.000000 -89.121231 0.000000 51.801723 1.000000 
80 1.000000 0.000000 0.000000 0.000000 0.000000 1.000000 0.000000 0.000000 0.000000 0.000000 1.000000 0.000000 132.160492 0.000000 -32.441174 1.000000 
81 1.000000 0.000000 0.000000 0.000000 0.000000 1.000000 0.000000 0.000000 0.000000 0.000000 1.000000 0.000000 68.761414 0.000000 -79.050568 1.000000 
82 1.000000 0.000000 0.000000 0.000000 0.000000 1.000000 0.000000 0.000000 0.000000 0.000000 1.000000 0.000000 13.905589 0.000000 -75.478256 1.000000 
83 1.000000 0.000000 0.000000 0.000000 0.000000 1.000000 0.000000 0.000000 0.000000 0.000000 1.000000 0.000000 -58.008385 0.000000 -51.798386 1.000000 
84 1.000000 0.000000 0.000000 0.000000 0.000000 1.000000 0.000000 0.000000 0.000000 0.000000 1.000000 0.000000 139.501648 0.000000 32.435669 1.000000 
85 1.000000 0.000000 0.000000 0.000000 0.000000 1.000000 0.000000 0.000000 0.000000 0.000000 1.000000 0.000000 59.696896 0.000000 78.963730 1.000000 
86 1.000000 0.000000 0.000000 0.000000 0.000000 1.000000 0.000000 0.000000 0.000000 0.000000 1.000000 0.000000 16.943512 0.000000 75.447723 1.000000 
87 1.000000 0.000000 0.000000 0.000000 0.000000 1.000000 0.000000 0.000000 0.000000 0.000000 1.000000 0.000000 -58.530979 0.000000 51.800949 1.000000 
10 0.990877 0.134771 0.000000 0.000000 -0.134771 0.990877 0.000000 0.000000 0.000000 0.000000 1.000000 0.000000 -57.992855 69.032043 0.001232 1.000000 
11 1.227618 -0.653492 -0.001816 0.000000 0.653484 1.227616 -0.004600 0.000000 0.003764 0.003207 1.390711 0.000000 -70.044350 65.186195 1.472308 1.000000 
21 1.000000 0.000000 0.000000 0.000000 0.000000 1.000000 0.000000 0.000000 0.000000 0.000000 1.000000 0.000000 -13.697318 49.886944 0.001319 1.000000 
23 1.000000 0.000000 0.000000 0.000000 0.000000 1.000000 0.000000 0.000000 0.000000 0.000000 1.000000 0.000000 -10.226986 20.311401 0.001319 1.000000 
24 1.000000 0.000000 0.000000 0.000000 0.000000 1.000000 0.000000 0.000000 0.000000 0.000000 1.000000 0.000000 -10.226984 20.311401 0.001319 1.000000 
25 1.000000 0.000000 0.000000 0.000000 0.000000 1.000000 0.000000 0.000000 0.000000 0.000000 1.000000 0.000000 -10.226984 20.311401 0.001319 1.000000 
26 1.000000 0.000000 0.000000 0.000000 0.000000 1.000000 0.000000 0.000000 0.000000 0.000000 1.000000 0.000000 -10.226984 20.311401 0.001319 1.000000 
14 1.000000 0.000000 0.000000 0.000000 0.000000 1.000000 0.000000 0.000000 0.000000 0.000000 1.000000 0.000000 7.631057 25.149780 0.001322 1.000000 
15 1.000000 0.000000 0.000000 0.000000 0.000000 1.000000 0.000000 0.000000 0.000000 0.000000 1.000000 0.000000 12.186775 18.211880 0.001319 1.000000 
16 1.000000 0.000000 0.000000 0.000000 0.000000 1.000000 0.000000 0.000000 0.000000 0.000000 1.000000 0.000000 10.168854 23.054890 -2.989258 1.000000 
17 1.000000 0.000000 0.000000 0.000000 0.000000 1.000000 0.000000 0.000000 0.000000 0.000000 1.000000 0.000000 10.047662 23.151211 2.994847 1.000000 
18 1.000000 0.000000 0.000000 0.000000 0.000000 1.000000 0.000000 0.000000 0.000000 0.000000 1.000000 0.000000 2.779929 19.361351 0.000931 1.000000 
19 1.000000 0.000000 0.000000 0.000000 0.000000 1.000000 0.000000 0.000000 0.000000 0.000000 1.000000 0.000000 2.779929 19.361351 0.000931 1.000000 
20 1.000000 0.000000 0.000000 0.000000 0.000000 1.000000 0.000000 0.000000 0.000000 0.000000 1.000000 0.000000 2.779932 19.361351 0.000932 1.000000 
22 1.000000 0.000000 0.000000 0.000000 0.000000 1.000000 0.000000 0.000000 0.000000 0.000000 1.000000 0.000000 -13.697319 49.387604 0.001319 1.000000 
[KEY]
1 1.000000 0.000000 0.000000 0.000000 0.000000 1.000000 0.000000 0.000000 0.000000 0.000000 1.000000 0.000000 -10.226984 0.232216 0.001319 1.000000 
2 1.000000 0.000000 0.000000 0.000000 0.000000 1.000000 0.000000 0.000000 0.000000 0.000000 1.000000 0.000000 -10.226984 0.544856 0.001319 1.000000 
3 1.000000 0.000000 0.000000 0.000000 0.000000 1.000000 0.000000 0.000000 0.000000 0.000000 1.000000 0.000000 11.098431 19.266703 2.718880 1.000000 
6 1.000000 0.000000 0.000000 0.000000 0.000000 1.000000 0.000000 0.000000 0.000000 0.000000 1.000000 0.000000 11.098417 19.266754 -2.730513 1.000000 
9 0.990416 0.138113 0.000000 0.000000 -0.138113 0.990416 0.000000 0.000000 0.000000 0.000000 1.000000 0.000000 -15.326487 19.946493 0.000921 1.000000 
12 1.000000 0.000000 0.000000 0.000000 0.000000 1.000000 0.000000 0.000000 0.000000 0.000000 1.000000 0.000000 -15.326487 19.946493 0.000921 1.000000 
27 1.000000 0.000000 0.000000 0.000000 0.000000 1.000000 0.000000 0.000000 0.000000 0.000000 1.000000 0.000000 -3.151001 16.184734 -8.168830 1.000000 
32 1.000000 0.000000 0.000000 0.000000 0.000000 1.000000 0.000000 0.000000 0.000000 0.000000 1.000000 0.000000 1.292232 19.946478 -5.426734 1.000000 
37 1.000000 0.000000 0.000000 0.000000 0.000000 1.000000 0.000000 0.000000 0.000000 0.000000 1.000000 0.000000 -8.678464 16.783148 -8.986213 1.000000 
42 1.000000 0.000000 0.000000 0.000000 0.000000 1.000000 0.000000 0.000000 0.000000 0.000000 1.000000 0.000000 -12.529337 17.483326 -7.037132 1.000000 
47 1.000000 0.000000 0.000000 0.000000 0.000000 1.000000 0.000000 0.000000 0.000000 0.000000 1.000000 0.000000 -3.150999 16.184704 8.171465 1.000000 
52 1.000000 0.000000 0.000000 0.000000 0.000000 1.000000 0.000000 0.000000 0.000000 0.000000 1.000000 0.000000 1.292188 19.946491 5.429370 1.000000 
57 1.000000 0.000000 0.000000 0.000000 0.000000 1.000000 0.000000 0.000000 0.000000 0.000000 1.000000 0.000000 -8.678467 16.783195 8.988850 1.000000 
62 1.000000 0.000000 0.000000 0.000000 0.000000 1.000000 0.000000 0.000000 0.000000 0.000000 1.000000 0.000000 -12.529338 17.483301 7.039771 1.000000 
13 1.000000 0.000000 0.000000 0.000000 0.000000 1.000000 0.000000 0.000000 0.000000 0.000000 1.000000 0.000000 2.779930 19.568474 0.000931 1.000000 
28 0.999976 -0.006796 0.001292 0.000000 0.006806 0.999945 -0.008010 0.000000 -0.001237 0.008018 0.999967 0.000000 -1.454664 18.072645 -11.738103 1.000000 
33 0.999997 -0.002217 0.000216 0.000000 0.002217 0.999997 -0.000599 0.000000 -0.000214 0.000599 1.000000 0.000000 3.883216 21.252155 -7.296888 1.000000 
38 0.996057 -0.085121 -0.025012 0.000000 0.088706 0.960453 0.263934 0.000000 0.001557 -0.265112 0.964216 0.000000 -8.849779 18.217255 -14.632987 1.000000 
43 0.999991 0.004109 -0.000578 0.000000 -0.004110 0.999989 -0.002329 0.000000 0.000568 0.002331 0.999997 0.000000 -14.630817 17.373075 -12.770145 1.000000 
48 0.999749 0.021998 -0.004142 0.000000 -0.022081 0.999530 -0.021278 0.000000 0.003672 0.021364 0.999765 0.000000 -1.454666 18.072670 11.740780 1.000000 
53 0.999998 -0.002207 -0.000185 0.000000 0.002207 0.999997 0.000594 0.000000 0.000184 -0.000594 1.000000 0.000000 3.883228 21.252192 7.299524 1.000000 
58 0.999992 0.003807 0.000739 0.000000 -0.003817 0.999893 0.014109 0.000000 -0.000686 -0.014112 0.999900 0.000000 -8.849784 18.217224 14.635589 1.000000 
63 0.999984 0.005570 0.001317 0.000000 -0.005568 0.999983 -0.001492 0.000000 -0.001325 0.001484 0.999998 0.000000 -14.630815 17.373056 12.772816 1.000000 
4 1.000000 0.000000 0.000000 0.000000 0.000000 1.000000 0.000000 0.000000 0.000000 0.000000 1.000000 0.000000 14.456429 13.182804 6.270426 1.000000 
7 1.000000 0.000000 0.000000 0.000000 0.000000 1.000000 0.000000 0.000000 0.000000 0.000000 1.000000 0.000000 14.456430 13.182852 -6.270925 1.000000 
29 0.999976 -0.006796 0.001292 0.000000 0.006802 0.999963 -0.005216 0.000000 -0.001256 0.005225 0.999986 0.000000 9.794539 53.040173 -31.757061 1.000000 
34 1.000000 -0.000995 0.000078 0.000000 0.000995 1.000000 -0.000141 0.000000 -0.000078 0.000141 1.000000 0.000000 34.429028 48.450832 -19.046518 1.000000 
39 0.997858 -0.058386 -0.029498 0.000000 0.062642 0.982788 0.173790 0.000000 0.018844 -0.175266 0.984341 0.000000 -8.142119 49.605206 -24.310392 1.000000 
44 0.999994 0.003468 -0.000501 0.000000 -0.003468 0.999993 -0.001092 0.000000 0.000497 0.001093 0.999999 0.000000 -21.060141 65.880730 -28.930588 1.000000 
49 0.999842 0.017032 -0.004992 0.000000 -0.017108 0.999733 -0.015516 0.000000 0.004726 0.015599 0.999867 0.000000 8.823277 53.922184 30.693455 1.000000 
54 1.000000 -0.000969 -0.000047 0.000000 0.000969 1.000000 0.000166 0.000000 0.000047 -0.000166 1.000000 0.000000 34.428463 48.451084 19.049887 1.000000 
59 0.999994 0.003288 0.000567 0.000000 -0.003294 0.999944 0.010047 0.000000 -0.000534 -0.010049 0.999949 0.000000 -10.692285 45.613918 32.674030 1.000000 
64 0.999988 0.004821 0.001166 0.000000 -0.004818 0.999985 -0.002484 0.000000 -0.001178 0.002478 0.999996 0.000000 -21.143061 65.932602 28.743135 1.000000 
5 0.999451 0.032440 0.006745 0.000000 -0.032444 0.999473 0.000530 0.000000 -0.006724 -0.000748 0.999977 0.000000 15.119763 8.896267 6.452275 1.000000 
8 0.999704 0.024166 -0.002682 0.000000 -0.024167 0.999708 -0.000426 0.000000 0.002671 0.000491 0.999996 0.000000 15.142559 8.878461 -6.452322 1.000000 
30 0.999978 -0.006491 0.001290 0.000000 0.006497 0.999968 -0.004667 0.000000 -0.001260 0.004676 0.999988 0.000000 24.192369 51.150463 -53.248016 1.000000 
35 1.000000 -0.000991 0.000027 0.000000 0.000991 1.000000 -0.000090 0.000000 -0.000027 0.000090 1.000000 0.000000 71.026749 38.060020 -29.096811 1.000000 
40 0.998710 -0.031556 -0.039769 0.000000 0.034518 0.996499 0.076141 0.000000 0.037227 -0.077415 0.996304 0.000000 -13.375954 50.060341 -44.969070 1.000000 
45 0.999994 0.003468 -0.000501 0.000000 -0.003468 0.999993 -0.001092 0.000000 0.000497 0.001093 0.999999 0.000000 -40.418877 57.789436 -44.200893 1.000000 
50 0.999915 0.011158 -0.006751 0.000000 -0.011216 0.999901 -0.008526 0.000000 0.006655 0.008601 0.999941 0.000000 23.333988 52.823723 52.163479 1.000000 
55 1.000000 -0.000572 0.000152 0.000000 0.000572 1.000000 -0.000017 0.000000 -0.000152 0.000017 1.000000 0.000000 71.026176 38.060883 29.101105 1.000000 
60 0.999995 0.003076 0.000382 0.000000 -0.003079 0.999966 0.007696 0.000000 -0.000358 -0.007698 0.999970 0.000000 -15.331625 41.921928 53.149055 1.000000 
65 0.999988 0.004775 0.001166 0.000000 -0.004772 0.999985 -0.002545 0.000000 -0.001178 0.002539 0.999996 0.000000 -40.501328 57.869701 44.029171 1.000000 
31 0.999980 -0.006247 0.001289 0.000000 0.006252 0.999971 -0.004423 0.000000 -0.001262 0.004431 0.999989 0.000000 40.069145 35.053104 -67.385422 1.000000 
36 0.999999 -0.001034 0.000002 0.000000 0.001034 0.999999 -0.000090 0.000000 -0.000001 0.000090 1.000000 0.000000 96.989403 19.078831 -32.077759 1.000000 
41 0.998744 -0.014665 -0.047919 0.000000 0.015181 0.999830 0.010418 0.000000 0.047758 -0.011132 0.998797 0.000000 -19.617085 35.981255 -59.197399 1.000000 
46 0.999994 0.003468 -0.000501 0.000000 -0.003468 0.999993 -0.001092 0.000000 0.000497 0.001093 0.999999 0.000000 -60.729900 32.636295 -50.612255 1.000000 
51 0.999942 0.007444 -0.007813 0.000000 -0.007476 0.999964 -0.004080 0.000000 0.007783 0.004138 0.999961 0.000000 39.568661 37.198067 66.423126 1.000000 
56 1.000000 -0.000709 0.000258 0.000000 0.000709 1.000000 -0.000078 0.000000 -0.000258 0.000078 1.000000 0.000000 96.996574 19.090830 32.088745 1.000000 
61 0.999995 0.003076 0.000382 0.000000 -0.003078 0.999971 0.007025 0.000000 -0.000360 -0.007026 0.999975 0.000000 -20.512154 26.475300 66.346916 1.000000 
66 0.999988 0.004775 0.001166 0.000000 -0.004772 0.999985 -0.002545 0.000000 -0.001178 0.002539 0.999996 0.000000 -60.783909 32.713421 50.517963 1.000000 
67 1.000000 0.000000 0.000000 0.000000 0.000000 1.000000 0.000000 0.000000 0.000000 0.000000 1.000000 0.000000 0.000000 83.070496 0.000000 1.000000 
68 1.000000 0.000000 0.000000 0.000000 0.000000 1.000000 0.000000 0.000000 0.000000 0.000000 1.000000 0.000000 -10.226984 0.232216 0.001319 1.000000 
69 1.000000 0.000000 0.000000 0.000000 0.000000 1.000000 0.000000 0.000000 0.000000 0.000000 1.000000 0.000000 -10.226978 70.730209 0.001320 1.000000 
70 1.000000 0.000000 0.000000 0.000000 0.000000 1.000000 0.000000 0.000000 0.000000 0.000000 1.000000 0.000000 -10.226987 0.232216 0.001319 1.000000 
71 1.000000 0.000000 0.000000 0.000000 0.000000 1.000000 0.000000 0.000000 0.000000 0.000000 1.000000 0.000000 -10.226987 0.232216 0.001319 1.000000 
72 1.000000 0.000000 0.000000 0.000000 0.000000 1.000000 0.000000 0.000000 0.000000 0.000000 1.000000 0.000000 115.125870 0.000000 -32.474308 1.000000 
73 1.000000 0.000000 0.000000 0.000000 0.000000 1.000000 0.000000 0.000000 0.000000 0.000000 1.000000 0.000000 62.749397 0.000000 -78.997215 1.000000 
74 1.000000 0.000000 0.000000 0.000000 0.000000 1.000000 0.000000 0.000000 0.000000 0.000000 1.000000 0.000000 1.802011 0.000000 -75.468254 1.000000 
75 1.000000 0.000000 0.000000 0.000000 0.000000 1.000000 0.000000 0.000000 0.000000 0.000000 1.000000 0.000000 -89.168083 0.000000 -51.799946 1.000000 
76 1.000000 0.000000 0.000000 0.000000 0.000000 1.000000 0.000000 0.000000 0.000000 0.000000 1.000000 0.000000 119.592667 0.000000 32.457558 1.000000 
77 1.000000 0.000000 0.000000 0.000000 0.000000 1.000000 0.000000 0.000000 0.000000 0.000000 1.000000 0.000000 55.606968 0.000000 78.943047 1.000000 
78 1.000000 0.000000 0.000000 0.000000 0.000000 1.000000 0.000000 0.000000 0.000000 0.000000 1.000000 0.000000 5.046760 0.000000 75.453720 1.000000 
79 1.000000 0.000000 0.000000 0.000000 0.000000 1.000000 0.000000 0.000000 0.000000 0.000000 1.000000 0.000000 -89.121231 0.000000 51.801723 1.000000 
80 1.000000 0.000000 0.000000 0.000000 0.000000 1.000000 0.000000 0.000000 0.000000 0.000000 1.000000 0.000000 132.160492 0.000000 -32.441174 1.000000 
81 1.000000 0.000000 0.000000 0.000000 0.000000 1.000000 0.000000 0.000000 0.000000 0.000000 1.000000 0.000000 68.761414 0.000000 -79.050568 1.000000 
82 1.000000 0.000000 0.000000 0.000000 0.000000 1.000000 0.000000 0.000000 0.000000 0.000000 1.000000 0.000000 13.905589 0.000000 -75.478256 1.000000 
83 1.000000 0.000000 0.000000 0.000000 0.000000 1.000000 0.000000 0.000000 0.000000 0.000000 1.000000 0.000000 -58.008385 0.000000 -51.798386 1.000000 
84 1.000000 0.000000 0.000000 0.000000 0.000000 1.000000 0.000000 0.000000 0.000000 0.000000 1.000000 0.000000 139.501648 0.000000 32.435669 1.000000 
85 1.000000 0.000000 0.000000 0.000000 0.000000 1.000000 0.000000 0.000000 0.000000 0.000000 1.000000 0.000000 59.696896 0.000000 78.963730 1.000000 
86 1.000000 0.000000 0.000000 0.000000 0.000000 1.000000 0.000000 0.000000 0.000000 0.000000 1.000000 0.000000 16.943512 0.000000 75.447723 1.000000 
87 1.000000 0.000000 0.000000 0.000000 0.000000 1.000000 0.000000 0.000000 0.000000 0.000000 1.000000 0.000000 -58.530979 0.000000 51.800949 1.000000 
10 0.990416 0.138113 0.000000 0.000000 -0.138113 0.990416 0.000000 0.000000 0.000000 0.000000 1.000000 0.000000 -58.158894 69.094963 0.001232 1.000000 
11 1.229815 -0.649347 -0.001816 0.000000 0.649339 1.229813 -0.004600 0.000000 0.003753 0.003220 1.390711 0.000000 -70.197350 65.208481 1.472308 1.000000 
21 1.000000 0.000000 0.000000 0.000000 0.000000 1.000000 0.000000 0.000000 0.000000 0.000000 1.000000 0.000000 -13.697318 50.094067 0.001319 1.000000 
23 1.000000 0.000000 0.000000 0.000000 0.000000 1.000000 0.000000 0.000000 0.000000 0.000000 1.000000 0.000000 -10.226986 20.518524 0.001319 1.000000 
24 1.000000 0.000000 0.000000 0.000000 0.000000 1.000000 0.000000 0.000000 0.000000 0.000000 1.000000 0.000000 -10.226984 20.518526 0.001319 1.000000 
25 1.000000 0.000000 0.000000 0.000000 0.000000 1.000000 0.000000 0.000000 0.000000 0.000000 1.000000 0.000000 -10.226984 20.518526 0.001319 1.000000 
26 1.000000 0.000000 0.000000 0.000000 0.000000 1.000000 0.000000 0.000000 0.000000 0.000000 1.000000 0.000000 -10.226984 20.518526 0.001319 1.000000 
14 1.000000 0.000000 0.000000 0.000000 0.000000 1.000000 0.000000 0.000000 0.000000 0.000000 1.000000 0.000000 7.631057 25.356903 0.001322 1.000000 
15 1.000000 0.000000 0.000000 0.000000 0.000000 1.000000 0.000000 0.000000 0.000000 0.000000 1.000000 0.000000 12.186775 18.419003 0.001319 1.000000 
16 1.000000 0.000000 0.000000 0.000000 0.000000 1.000000 0.000000 0.000000 0.000000 0.000000 1.000000 0.000000 10.168854 23.262012 -2.989258 1.000000 
17 1.000000 0.000000 0.000000 0.000000 0.000000 1.000000 0.000000 0.000000 0.000000 0.000000 1.000000 0.000000 10.047662 23.358334 2.994847 1.000000 
18 1.000000 0.000000 0.000000 0.000000 0.000000 1.000000 0.000000 0.000000 0.000000 0.000000 1.000000 0.000000 2.779929 19.568474 0.000931 1.000000 
19 1.000000 0.000000 0.000000 0.000000 0.000000 1.000000 0.000000 0.000000 0.000000 0.000000 1.000000 0.000000 2.779929 19.568474 0.000931 1.000000 
20 1.000000 0.000000 0.000000 0.000000 0.000000 1.000000 0.000000 0.000000 0.000000 0.000000 1.000000 0.000000 2.779932 19.568474 0.000932 1.000000 
22 1.000000 0.000000 0.000000 0.000000 0.000000 1.000000 0.000000 0.000000 0.000000 0.000000 1.000000 0.000000 -13.697319 49.594727 0.001319 1.000000 
[KEY]
1 1.000000 0.000000 0.000000 0.000000 0.000000 1.000000 0.000000 0.000000 0.000000 0.000000 1.000000 0.000000 -10.226984 0.232216 0.001319 1.000000 
