[FRAME_COUNT]
24
[DURATION]
1.000000
[BONE_COUNT]
87
[KEY]
1 1.000000 0.000000 0.000000 0.000000 0.000000 1.000000 0.000000 0.000000 0.000000 0.000000 1.000000 0.000000 -10.226984 0.232216 0.001319 1.000000 
2 1.000000 0.000000 0.000000 0.000000 0.000000 1.000000 0.000000 0.000000 0.000000 0.000000 1.000000 0.000000 -10.226984 0.232216 0.001319 1.000000 
3 1.000000 0.000000 0.000000 0.000000 0.000000 1.000000 0.000000 0.000000 0.000000 0.000000 1.000000 0.000000 11.098431 18.954062 2.718880 1.000000 
6 1.000000 0.000000 0.000000 0.000000 0.000000 1.000000 0.000000 0.000000 0.000000 0.000000 1.000000 0.000000 11.098417 18.954113 -2.730513 1.000000 
9 0.991326 0.131429 0.000000 0.000000 -0.131429 0.991326 0.000000 0.000000 0.000000 0.000000 1.000000 0.000000 -15.326487 19.633852 0.000921 1.000000 
12 1.000000 0.000000 0.000000 0.000000 0.000000 1.000000 0.000000 0.000000 0.000000 0.000000 1.000000 0.000000 -15.326487 19.633852 0.000921 1.000000 
27 1.000000 0.000000 0.000000 0.000000 0.000000 1.000000 0.000000 0.000000 0.000000 0.000000 1.000000 0.000000 -3.151001 15.872094 -8.168830 1.000000 
32 1.000000 0.000000 0.000000 0.000000 0.000000 1.000000 0.000000 0.000000 0.000000 0.000000 1.000000 0.000000 1.292232 19.633837 -5.426734 1.000000 
37 1.000000 0.000000 0.000000 0.000000 0.000000 1.000000 0.000000 0.000000 0.000000 0.000000 1.000000 0.000000 -8.678464 16.470507 -8.986213 1.000000 
42 1.000000 0.000000 0.000000 0.000000 0.000000 1.000000 0.000000 0.000000 0.000000 0.000000 1.000000 0.000000 -12.529337 17.170685 -7.037132 1.000000 
47 1.000000 0.000000 0.000000 0.000000 0.000000 1.000000 0.000000 0.000000 0.000000 0.000000 1.000000 0.000000 -3.150999 15.872065 8.171465 1.000000 
52 1.000000 0.000000 0.000000 0.000000 0.000000 1.000000 0.000000 0.000000 0.000000 0.000000 1.000000 0.000000 1.292188 19.633850 5.429370 1.000000 
57 1.000000 0.000000 0.000000 0.000000 0.000000 1.000000 0.000000 0.000000 0.000000 0.000000 1.000000 0.000000 -8.678467 16.470554 8.988850 1.000000 
62 1.000000 0.000000 0.000000 0.000000 0.000000 1.000000 0.000000 0.000000 0.000000 0.000000 1.000000 0.000000 -12.529338 17.170660 7.039771 1.000000 
13 1.000000 0.000000 0.000000 0.000000 0.000000 1.000000 0.000000 0.000000 0.000000 0.000000 1.000000 0.000000 2.779930 19.255835 0.000931 1.000000 
28 0.999992 -0.003966 0.000742 0.000000 0.003969 0.999981 -0.004698 0.000000 -0.000723 0.004701 0.999989 0.000000 -1.454664 17.760006 -11.738103 1.000000 
33 0.999999 0.001282 0.000000 0.000000 -0.001282 0.999999 0.000183 0.000000 0.000000 -0.000183 1.000000 0.000000 3.883216 20.939516 -7.296888 1.000000 
38 0.999997 0.002500 -0.000500 0.000000 -0.002505 0.999954 -0.009216 0.000000 0.000477 0.009217 0.999957 0.000000 -8.849779 17.904613 -14.632987 1.000000 
43 1.000000 0.000427 -0.000000 0.000000 -0.000427 1.000000 -0.000244 0.000000 -0.000000 0.000244 1.000000 0.000000 -14.630817 17.060434 -12.770145 1.000000 
48 0.999992 -0.004028 -0.000315 0.000000 0.004029 0.999981 0.004638 0.000000 0.000296 -0.004639 0.999989 0.000000 -1.454666 17.760031 11.740780 1.000000 
53 0.999999 0.001282 -0.000000 0.000000 -0.001282 0.999999 -0.000244 0.000000 -0.000000 0.000244 1.000000 0.000000 3.883228 20.939552 7.299524 1.000000 
58 0.999997 0.002500 0.000500 0.000000 -0.002505 0.999956 0.009094 0.000000 -0.000477 -0.009095 0.999959 0.000000 -8.849784 17.904585 14.635589 1.000000 
63 1.000000 0.000000 0.000000 0.000000 0.000000 1.000000 0.000000 0.000000 0.000000 0.000000 1.000000 0.000000 -14.630815 17.060415 12.772816 1.000000 
4 1.000000 0.000000 0.000000 0.000000 0.000000 1.000000 0.000000 0.000000 0.000000 0.000000 1.000000 0.000000 14.456429 12.870164 6.270426 1.000000 
7 1.000000 0.000000 0.000000 0.000000 0.000000 1.000000 0.000000 0.000000 0.000000 0.000000 1.000000 0.000000 14.456430 12.870213 -6.270925 1.000000 
29 0.999992 -0.003966 0.000742 0.000000 0.003968 0.999986 -0.003355 0.000000 -0.000728 0.003358 0.999994 0.000000 9.684689 52.825428 -31.646954 1.000000 
34 0.999999 0.001038 0.000000 0.000000 -0.001038 0.999999 0.000183 0.000000 0.000000 -0.000183 1.000000 0.000000 34.331142 48.254070 -19.031767 1.000000 
39 0.999998 0.002137 -0.000131 0.000000 -0.002138 0.999972 -0.007141 0.000000 0.000115 0.007141 0.999974 0.000000 -10.652314 45.391586 -32.537563 1.000000 
44 1.000000 0.000427 -0.000000 0.000000 -0.000427 1.000000 -0.000244 0.000000 -0.000000 0.000244 1.000000 0.000000 -20.872175 65.625031 -28.832985 1.000000 
49 0.999994 -0.003478 -0.000312 0.000000 0.003479 0.999987 0.003601 0.000000 0.000300 -0.003602 0.999993 0.000000 9.678398 52.825916 31.652239 1.000000 
54 0.999999 0.001038 -0.000000 0.000000 -0.001038 0.999999 -0.000244 0.000000 -0.000000 0.000244 1.000000 0.000000 34.331215 48.254665 19.032671 1.000000 
59 0.999997 0.002256 0.000498 0.000000 -0.002259 0.999973 0.006958 0.000000 -0.000482 -0.006959 0.999976 0.000000 -10.652305 45.393814 32.536766 1.000000 
64 1.000000 0.000000 0.000000 0.000000 0.000000 1.000000 0.000000 0.000000 0.000000 0.000000 1.000000 0.000000 -20.851460 65.631584 28.823818 1.000000 
5 1.000000 0.000000 0.000000 0.000000 0.000000 1.000000 0.000000 0.000000 0.000000 0.000000 1.000000 0.000000 15.119763 8.583627 6.452275 1.000000 
8 1.000000 0.000000 0.000000 0.000000 0.000000 1.000000 0.000000 0.000000 0.000000 0.000000 1.000000 0.000000 15.142559 8.565822 -6.452322 1.000000 
30 0.999993 -0.003660 0.000741 0.000000 0.003662 0.999989 -0.002806 0.000000 -0.000731 0.002809 0.999996 0.000000 24.076145 51.016548 -53.149132 1.000000 
35 1.000000 0.000854 0.000000 0.000000 -0.000854 1.000000 0.000183 0.000000 0.000000 -0.000183 1.000000 0.000000 70.949120 37.940910 -29.088259 1.000000 
40 0.999998 0.001955 0.000054 0.000000 -0.001955 0.999980 -0.005981 0.000000 -0.000065 0.005981 0.999982 0.000000 -15.287053 41.764446 -53.025219 1.000000 
45 1.000000 0.000427 -0.000000 0.000000 -0.000427 1.000000 -0.000244 0.000000 -0.000000 0.000244 1.000000 0.000000 -40.247787 57.605583 -44.119785 1.000000 
50 0.999995 -0.003174 -0.000128 0.000000 0.003174 0.999990 0.003051 0.000000 0.000118 -0.003052 0.999995 0.000000 24.061455 51.018864 53.160179 1.000000 
55 1.000000 0.000854 -0.000000 0.000000 -0.000854 1.000000 -0.000244 0.000000 -0.000000 0.000244 1.000000 0.000000 70.949226 37.942051 29.089857 1.000000 
60 0.999997 0.002256 0.000498 0.000000 -0.002259 0.999981 0.005737 0.000000 -0.000485 -0.005738 0.999983 0.000000 -15.294186 41.769905 53.023376 1.000000 
65 1.000000 0.000000 0.000000 0.000000 0.000000 1.000000 0.000000 0.000000 0.000000 0.000000 1.000000 0.000000 -40.230537 57.624107 44.112617 1.000000 
31 0.999994 -0.003416 0.000740 0.000000 0.003418 0.999991 -0.002562 0.000000 -0.000731 0.002565 0.999996 0.000000 39.990768 34.990593 -67.325058 1.000000 
36 1.000000 0.000854 0.000000 0.000000 -0.000854 1.000000 0.000183 0.000000 0.000000 -0.000183 1.000000 0.000000 96.946678 19.008490 -32.075081 1.000000 
41 0.999998 0.001955 0.000054 0.000000 -0.001955 0.999984 -0.005371 0.000000 -0.000064 0.005371 0.999986 0.000000 -20.479162 26.346292 -66.251717 1.000000 
46 1.000000 0.000427 -0.000000 0.000000 -0.000427 1.000000 -0.000244 0.000000 -0.000000 0.000244 1.000000 0.000000 -60.631977 32.519764 -50.562614 1.000000 
51 0.999996 -0.002930 -0.000127 0.000000 0.002930 0.999992 0.002746 0.000000 0.000119 -0.002747 0.999996 0.000000 39.975174 34.997158 67.341927 1.000000 
56 1.000000 0.000854 -0.000000 0.000000 -0.000854 1.000000 -0.000244 0.000000 -0.000000 0.000244 1.000000 0.000000 96.947113 19.009739 32.077862 1.000000 
61 0.999997 0.002256 0.000498 0.000000 -0.002259 0.999985 0.005066 0.000000 -0.000486 -0.005067 0.999987 0.000000 -20.488979 26.353422 66.250839 1.000000 
66 1.000000 0.000000 0.000000 0.000000 0.000000 1.000000 0.000000 0.000000 0.000000 0.000000 1.000000 0.000000 -60.625427 32.548477 50.561409 1.000000 
67 1.000000 0.000000 0.000000 0.000000 0.000000 1.000000 0.000000 0.000000 0.000000 0.000000 1.000000 0.000000 0.000000 83.070496 0.000000 1.000000 
68 1.000000 0.000000 0.000000 0.000000 0.000000 1.000000 0.000000 0.000000 0.000000 0.000000 1.000000 0.000000 -10.226984 0.232216 0.001319 1.000000 
69 1.000000 0.000000 0.000000 0.000000 0.000000 1.000000 0.000000 0.000000 0.000000 0.000000 1.000000 0.000000 -10.226978 70.730209 0.001320 1.000000 
70 1.000000 0.000000 0.000000 0.000000 0.000000 1.000000 0.000000 0.000000 0.000000 0.000000 1.000000 0.000000 -10.226987 0.232216 0.001319 1.000000 
71 1.000000 0.000000 0.000000 0.000000 0.000000 1.000000 0.000000 0.000000 0.000000 0.000000 1.000000 0.000000 -10.226987 0.232216 0.001319 1.000000 
72 1.000000 0.000000 0.000000 0.000000 0.000000 1.000000 0.000000 0.000000 0.000000 0.000000 1.000000 0.000000 115.125870 0.000000 -32.474308 1.000000 
73 1.000000 0.000000 0.000000 0.000000 0.000000 1.000000 0.000000 0.000000 0.000000 0.000000 1.000000 0.000000 62.749397 0.000000 -78.997215 1.000000 
74 1.000000 0.000000 0.000000 0.000000 0.000000 1.000000 0.000000 0.000000 0.000000 0.000000 1.000000 0.000000 1.802011 0.000000 -75.468254 1.000000 
75 1.000000 0.000000 0.000000 0.000000 0.000000 1.000000 0.000000 0.000000 0.000000 0.000000 1.000000 0.000000 -89.168083 0.000000 -51.799946 1.000000 
76 1.000000 0.000000 0.000000 0.000000 0.000000 1.000000 0.000000 0.000000 0.000000 0.000000 1.000000 0.000000 119.592667 0.000000 32.457558 1.000000 
77 1.000000 0.000000 0.000000 0.000000 0.000000 1.000000 0.000000 0.000000 0.000000 0.000000 1.000000 0.000000 55.606968 0.000000 78.943047 1.000000 
78 1.000000 0.000000 0.000000 0.000000 0.000000 1.000000 0.000000 0.000000 0.000000 0.000000 1.000000 0.000000 5.046760 0.000000 75.453720 1.000000 
79 1.000000 0.000000 0.000000 0.000000 0.000000 1.000000 0.000000 0.000000 0.000000 0.000000 1.000000 0.000000 -89.121231 0.000000 51.801723 1.000000 
80 1.000000 0.000000 0.000000 0.000000 0.000000 1.000000 0.000000 0.000000 0.000000 0.000000 1.000000 0.000000 132.160492 0.000000 -32.441174 1.000000 
81 1.000000 0.000000 0.000000 0.000000 0.000000 1.000000 0.000000 0.000000 0.000000 0.000000 1.000000 0.000000 68.761414 0.000000 -79.050568 1.000000 
82 1.000000 0.000000 0.000000 0.000000 0.000000 1.000000 0.000000 0.000000 0.000000 0.000000 1.000000 0.000000 13.905589 0.000000 -75.478256 1.000000 
83 1.000000 0.000000 0.000000 0.000000 0.000000 1.000000 0.000000 0.000000 0.000000 0.000000 1.000000 0.000000 -58.008385 0.000000 -51.798386 1.000000 
84 1.000000 0.000000 0.000000 0.000000 0.000000 1.000000 0.000000 0.000000 0.000000 0.000000 1.000000 0.000000 139.501648 0.000000 32.435669 1.000000 
85 1.000000 0.000000 0.000000 0.000000 0.000000 1.000000 0.000000 0.000000 0.000000 0.000000 1.000000 0.000000 59.696896 0.000000 78.963730 1.000000 
86 1.000000 0.000000 0.000000 0.000000 0.000000 1.000000 0.000000 0.000000 0.000000 0.000000 1.000000 0.000000 16.943512 0.000000 75.447723 1.000000 
87 1.000000 0.000000 0.000000 0.000000 0.000000 1.000000 0.000000 0.000000 0.000000 0.000000 1.000000 0.000000 -58.530979 0.000000 51.800949 1.000000 
10 0.991326 0.131429 0.000000 0.000000 -0.131429 0.991326 0.000000 0.000000 0.000000 0.000000 1.000000 0.000000 -57.826370 69.070145 0.001232 1.000000 
11 1.225407 -0.657629 -0.001816 0.000000 0.657621 1.225405 -0.004600 0.000000 0.003775 0.003194 1.390711 0.000000 -69.890770 65.264961 1.472308 1.000000 
21 1.000000 0.000000 0.000000 0.000000 0.000000 1.000000 0.000000 0.000000 0.000000 0.000000 1.000000 0.000000 -13.697318 49.781429 0.001319 1.000000 
23 1.000000 0.000000 0.000000 0.000000 0.000000 1.000000 0.000000 0.000000 0.000000 0.000000 1.000000 0.000000 -10.226986 20.205885 0.001319 1.000000 
24 1.000000 0.000000 0.000000 0.000000 0.000000 1.000000 0.000000 0.000000 0.000000 0.000000 1.000000 0.000000 -10.226984 20.205885 0.001319 1.000000 
25 1.000000 0.000000 0.000000 0.000000 0.000000 1.000000 0.000000 0.000000 0.000000 0.000000 1.000000 0.000000 -10.226984 20.205885 0.001319 1.000000 
26 1.000000 0.000000 0.000000 0.000000 0.000000 1.000000 0.000000 0.000000 0.000000 0.000000 1.000000 0.000000 -10.226984 20.205885 0.001319 1.000000 
14 1.000000 0.000000 0.000000 0.000000 0.000000 1.000000 0.000000 0.000000 0.000000 0.000000 1.000000 0.000000 7.631057 25.044264 0.001322 1.000000 
15 1.000000 0.000000 0.000000 0.000000 0.000000 1.000000 0.000000 0.000000 0.000000 0.000000 1.000000 0.000000 12.186775 18.106363 0.001319 1.000000 
16 1.000000 0.000000 0.000000 0.000000 0.000000 1.000000 0.000000 0.000000 0.000000 0.000000 1.000000 0.000000 10.168854 22.949373 -2.989258 1.000000 
17 1.000000 0.000000 0.000000 0.000000 0.000000 1.000000 0.000000 0.000000 0.000000 0.000000 1.000000 0.000000 10.047662 23.045694 2.994847 1.000000 
18 1.000000 0.000000 0.000000 0.000000 0.000000 1.000000 0.000000 0.000000 0.000000 0.000000 1.000000 0.000000 2.779929 19.255835 0.000931 1.000000 
19 1.000000 0.000000 0.000000 0.000000 0.000000 1.000000 0.000000 0.000000 0.000000 0.000000 1.000000 0.000000 2.779929 19.255835 0.000931 1.000000 
20 1.000000 0.000000 0.000000 0.000000 0.000000 1.000000 0.000000 0.000000 0.000000 0.000000 1.000000 0.000000 2.779932 19.255835 0.000932 1.000000 
22 1.000000 0.000000 0.000000 0.000000 0.000000 1.000000 0.000000 0.000000 0.000000 0.000000 1.000000 0.000000 -13.697319 49.282085 0.001319 1.000000 
[KEY]
1 1.000000 0.000000 0.000000 0.000000 0.000000 1.000000 0.000000 0.000000 0.000000 0.000000 1.000000 0.000000 -10.226984 0.232216 0.001319 1.000000 
2 0.996247 -0.084052 0.020684 0.000000 0.083541 0.996204 0.024461 0.000000 -0.022662 -0.022641 0.999487 0.000000 -15.016023 -3.626482 -0.602267 1.000000 
3 0.996247 -0.084052 0.020684 0.000000 0.083541 0.996204 0.024461 0.000000 -0.022662 -0.022641 0.999487 0.000000 7.731801 13.170322 3.012956 1.000000 
6 0.996247 -0.084052 0.020684 0.000000 0.083541 0.996204 0.024461 0.000000 -0.022662 -0.022641 0.999487 0.000000 7.855285 13.293756 -2.433639 1.000000 
9 0.999569 -0.026951 -0.011629 0.000000 0.027116 0.999530 0.014327 0.000000 0.011237 -0.014636 0.999830 0.000000 -18.475552 16.130140 -0.233561 1.000000 
12 0.996247 -0.084052 0.020684 0.000000 0.083541 0.996204 0.024461 0.000000 -0.022662 -0.022641 0.999487 0.000000 -18.475552 16.130140 -0.233561 1.000000 
27 0.996247 -0.084052 0.020684 0.000000 0.083541 0.996204 0.024461 0.000000 -0.022662 -0.022641 0.999487 0.000000 -6.474883 11.544259 -8.239293 1.000000 
32 0.996247 -0.084052 0.020684 0.000000 0.083541 0.996204 0.024461 0.000000 -0.022662 -0.022641 0.999487 0.000000 -1.796209 14.856176 -5.314684 1.000000 
37 0.996247 -0.084052 0.020684 0.000000 0.083541 0.996204 0.024461 0.000000 -0.022662 -0.022641 0.999487 0.000000 -11.913083 12.623503 -9.155951 1.000000 
42 0.996247 -0.084052 0.020684 0.000000 0.083541 0.996204 0.024461 0.000000 -0.022662 -0.022641 0.999487 0.000000 -15.735179 13.600567 -7.270396 1.000000 
47 0.996247 -0.084052 0.020684 0.000000 0.083541 0.996204 0.024461 0.000000 -0.022662 -0.022641 0.999487 0.000000 -6.845183 11.174265 8.092614 1.000000 
52 0.996247 -0.084052 0.020684 0.000000 0.083541 0.996204 0.024461 0.000000 -0.022662 -0.022641 0.999487 0.000000 -2.042270 14.610397 5.535848 1.000000 
57 0.996247 -0.084052 0.020684 0.000000 0.083541 0.996204 0.024461 0.000000 -0.022662 -0.022641 0.999487 0.000000 -12.320429 12.216573 8.809888 1.000000 
62 0.996247 -0.084052 0.020684 0.000000 0.083541 0.996204 0.024461 0.000000 -0.022662 -0.022641 0.999487 0.000000 -16.054190 13.281824 6.799282 1.000000 
13 0.996247 -0.084052 0.020684 0.000000 0.083541 0.996204 0.024461 0.000000 -0.022662 -0.022641 0.999487 0.000000 -0.468674 14.231674 0.131721 1.000000 
28 0.999108 0.020211 0.037089 0.000000 -0.020668 0.999715 0.011977 0.000000 -0.036836 -0.012733 0.999240 0.000000 -4.546309 13.363236 -11.725468 1.000000 
33 0.999863 -0.007343 0.014814 0.000000 0.007393 0.999967 -0.003299 0.000000 -0.014790 0.003408 0.999885 0.000000 0.936509 15.981463 -7.098347 1.000000 
38 0.998914 -0.008879 0.045736 0.000000 0.005253 0.996876 0.078805 0.000000 -0.046293 -0.078479 0.995840 0.000000 -11.835984 14.194415 -14.768291 1.000000 
43 0.996986 -0.072591 0.027374 0.000000 0.071309 0.996429 0.045208 0.000000 -0.030558 -0.043120 0.998602 0.000000 -17.708063 13.797172 -13.046631 1.000000 
48 0.999144 0.019542 -0.036467 0.000000 -0.019967 0.999736 -0.011329 0.000000 0.036236 0.012048 0.999271 0.000000 -5.078382 12.831672 11.741366 1.000000 
53 0.999793 -0.008468 -0.018494 0.000000 0.008548 0.999954 0.004262 0.000000 0.018457 -0.004419 0.999820 0.000000 0.605743 15.651017 7.490575 1.000000 
58 0.998388 -0.009263 -0.055992 0.000000 0.004270 0.996054 -0.088648 0.000000 0.056592 0.088266 0.994488 0.000000 -12.499269 13.531710 14.485263 1.000000 
63 0.995946 -0.082092 -0.036773 0.000000 0.080050 0.995330 -0.053950 0.000000 0.041030 0.050787 0.997866 0.000000 -18.286909 13.218828 12.483220 1.000000 
4 0.956530 0.277815 0.088705 0.000000 -0.281363 0.959128 0.030129 0.000000 -0.076709 -0.053777 0.995602 0.000000 10.488459 6.746861 6.483318 1.000000 
7 0.985835 0.167709 -0.001820 0.000000 -0.167690 0.985807 0.008058 0.000000 0.003145 -0.007638 0.999966 0.000000 10.772674 7.030859 -6.051594 1.000000 
29 0.999105 0.020796 0.036834 0.000000 -0.022137 0.999092 0.036393 0.000000 -0.036043 -0.037176 0.998659 0.000000 6.429345 49.029221 -30.633242 1.000000 
34 0.998977 0.044263 0.009288 0.000000 -0.044389 0.998920 0.013755 0.000000 -0.008669 -0.014153 0.999862 0.000000 31.790508 42.990074 -18.475252 1.000000 
39 0.999020 -0.003478 0.044131 0.000000 0.000869 0.998258 0.058993 0.000000 -0.044260 -0.058897 0.997282 0.000000 -12.596565 43.163841 -30.245705 1.000000 
44 0.998644 -0.047295 0.021768 0.000000 0.046633 0.998461 0.030004 0.000000 -0.023154 -0.028948 0.999313 0.000000 -19.955885 63.338581 -27.049665 1.000000 
49 0.998872 0.031338 -0.035662 0.000000 -0.032498 0.998945 -0.032447 0.000000 0.034608 0.033569 0.998837 0.000000 5.910519 48.477467 30.679399 1.000000 
54 0.998783 0.047442 -0.013516 0.000000 -0.047603 0.998796 -0.011845 0.000000 0.012937 0.012474 0.999839 0.000000 31.532217 42.612972 18.780760 1.000000 
59 0.998505 -0.004479 -0.054481 0.000000 0.000613 0.997493 -0.070767 0.000000 0.054662 0.070628 0.996004 0.000000 -13.104326 42.651871 29.684252 1.000000 
64 0.998041 -0.054476 -0.030780 0.000000 0.053322 0.997887 -0.037139 0.000000 0.032738 0.035425 0.998836 0.000000 -19.935665 62.889019 26.108328 1.000000 
5 0.996931 0.069288 0.036448 0.000000 -0.070613 0.996838 0.036430 0.000000 -0.033809 -0.038892 0.998671 0.000000 12.315082 2.810026 6.594061 1.000000 
8 0.999499 0.022843 0.021899 0.000000 -0.022981 0.999718 0.006040 0.000000 -0.021755 -0.006540 0.999742 0.000000 12.170314 2.904017 -6.268917 1.000000 
30 0.999065 0.028126 0.032831 0.000000 -0.029782 0.998250 0.051090 0.000000 -0.031337 -0.052020 0.998154 0.000000 21.611820 48.450214 -51.654350 1.000000 
35 0.997977 0.063513 0.002882 0.000000 -0.063559 0.997757 0.020999 0.000000 -0.001541 -0.021140 0.999775 0.000000 68.907028 34.410931 -28.330849 1.000000 
40 0.999131 0.001983 0.041639 0.000000 -0.003570 0.999269 0.038056 0.000000 -0.041534 -0.038171 0.998408 0.000000 -16.326914 40.923382 -51.113045 1.000000 
45 0.999733 -0.019794 0.011952 0.000000 0.019645 0.999729 0.012507 0.000000 -0.012196 -0.012268 0.999850 0.000000 -39.328049 56.702591 -42.990021 1.000000 
50 0.998767 0.038523 -0.031327 0.000000 -0.039914 0.998186 -0.045076 0.000000 0.029534 0.046270 0.998492 0.000000 21.076136 47.972771 51.714577 1.000000 
55 0.997574 0.069393 -0.005613 0.000000 -0.069489 0.997397 -0.019229 0.000000 0.004265 0.019572 0.999799 0.000000 68.717865 34.134537 28.461653 1.000000 
60 0.998602 -0.000858 -0.052855 0.000000 -0.002180 0.998349 -0.057401 0.000000 0.052817 0.057436 0.996951 0.000000 -16.618059 40.659389 50.614246 1.000000 
65 0.999430 -0.026798 -0.020517 0.000000 0.026389 0.999452 -0.019985 0.000000 0.021041 0.019433 0.999590 0.000000 -39.203213 56.495754 42.273212 1.000000 
31 0.998925 0.034455 0.031016 0.000000 -0.036233 0.997618 0.058699 0.000000 -0.028920 -0.059759 0.997794 0.000000 38.479931 33.739723 -66.150261 1.000000 
36 0.998484 0.054944 -0.003343 0.000000 -0.054847 0.998197 0.024378 0.000000 0.004676 -0.024157 0.999697 0.000000 96.045212 17.211481 -31.636709 1.000000 
41 0.999189 0.005500 0.039894 0.000000 -0.006479 0.999680 0.024451 0.000000 -0.039747 -0.024690 0.998905 0.000000 -20.937460 26.104006 -65.210800 1.000000 
46 0.999982 -0.004529 0.003902 0.000000 0.004518 0.999986 0.002674 0.000000 -0.003914 -0.002656 0.999989 0.000000 -60.131454 32.116676 -49.995369 1.000000 
51 0.998469 0.047216 -0.028814 0.000000 -0.048759 0.997271 -0.055431 0.000000 0.026118 0.056751 0.998047 0.000000 38.075199 33.347366 66.143463 1.000000 
56 0.998214 0.059719 0.001410 0.000000 -0.059670 0.997951 -0.023087 0.000000 -0.002785 0.022962 0.999732 0.000000 95.966415 17.089945 31.663067 1.000000 
61 0.998660 0.001518 -0.051735 0.000000 -0.004024 0.998822 -0.048363 0.000000 0.051600 0.048506 0.997489 0.000000 -21.096884 26.125553 65.047798 1.000000 
66 0.999889 -0.009630 -0.011326 0.000000 0.009528 0.999913 -0.009094 0.000000 0.011412 0.008985 0.999894 0.000000 -60.112507 32.105724 49.638935 1.000000 
67 1.000000 0.000000 0.000000 0.000000 0.000000 1.000000 0.000000 0.000000 0.000000 0.000000 1.000000 0.000000 0.000000 83.070496 0.000000 1.000000 
68 1.000000 0.000000 0.000000 0.000000 0.000000 1.000000 0.000000 0.000000 0.000000 0.000000 1.000000 0.000000 -10.226984 0.232216 0.001319 1.000000 
69 1.000000 0.000000 0.000000 0.000000 0.000000 1.000000 0.000000 0.000000 0.000000 0.000000 1.000000 0.000000 -10.226978 70.730209 0.001320 1.000000 
70 1.000000 0.000000 0.000000 0.000000 0.000000 1.000000 0.000000 0.000000 0.000000 0.000000 1.000000 0.000000 -10.226987 0.232216 0.001319 1.000000 
71 1.000000 0.000000 0.000000 0.000000 0.000000 1.000000 0.000000 0.000000 0.000000 0.000000 1.000000 0.000000 -10.226987 0.232216 0.001319 1.000000 
72 1.000000 0.000000 0.000000 0.000000 0.000000 1.000000 0.000000 0.000000 0.000000 0.000000 1.000000 0.000000 115.125870 0.000000 -32.474308 1.000000 
73 1.000000 0.000000 0.000000 0.000000 0.000000 1.000000 0.000000 0.000000 0.000000 0.000000 1.000000 0.000000 62.749397 0.000000 -78.997215 1.000000 
74 1.000000 0.000000 0.000000 0.000000 0.000000 1.000000 0.000000 0.000000 0.000000 0.000000 1.000000 0.000000 1.802011 0.000000 -75.468254 1.000000 
75 1.000000 0.000000 0.000000 0.000000 0.000000 1.000000 0.000000 0.000000 0.000000 0.000000 1.000000 0.000000 -89.168083 0.000000 -51.799946 1.000000 
76 1.000000 0.000000 0.000000 0.000000 0.000000 1.000000 0.000000 0.000000 0.000000 0.000000 1.000000 0.000000 119.592667 0.000000 32.457558 1.000000 
77 1.000000 0.000000 0.000000 0.000000 0.000000 1.000000 0.000000 0.000000 0.000000 0.000000 1.000000 0.000000 55.606968 0.000000 78.943047 1.000000 
78 1.000000 0.000000 0.000000 0.000000 0.000000 1.000000 0.000000 0.000000 0.000000 0.000000 1.000000 0.000000 5.046760 0.000000 75.453720 1.000000 
79 1.000000 0.000000 0.000000 0.000000 0.000000 1.000000 0.000000 0.000000 0.000000 0.000000 1.000000 0.000000 -89.121231 0.000000 51.801723 1.000000 
80 1.000000 0.000000 0.000000 0.000000 0.000000 1.000000 0.000000 0.000000 0.000000 0.000000 1.000000 0.000000 132.160492 0.000000 -32.441174 1.000000 
81 1.000000 0.000000 0.000000 0.000000 0.000000 1.000000 0.000000 0.000000 0.000000 0.000000 1.000000 0.000000 68.761414 0.000000 -79.050568 1.000000 
82 1.000000 0.000000 0.000000 0.000000 0.000000 1.000000 0.000000 0.000000 0.000000 0.000000 1.000000 0.000000 13.905589 0.000000 -75.478256 1.000000 
83 1.000000 0.000000 0.000000 0.000000 0.000000 1.000000 0.000000 0.000000 0.000000 0.000000 1.000000 0.000000 -58.008385 0.000000 -51.798386 1.000000 
84 1.000000 0.000000 0.000000 0.000000 0.000000 1.000000 0.000000 0.000000 0.000000 0.000000 1.000000 0.000000 139.501648 0.000000 32.435669 1.000000 
85 1.000000 0.000000 0.000000 0.000000 0.000000 1.000000 0.000000 0.000000 0.000000 0.000000 1.000000 0.000000 59.696896 0.000000 78.963730 1.000000 
86 1.000000 0.000000 0.000000 0.000000 0.000000 1.000000 0.000000 0.000000 0.000000 0.000000 1.000000 0.000000 16.943512 0.000000 75.447723 1.000000 
87 1.000000 0.000000 0.000000 0.000000 0.000000 1.000000 0.000000 0.000000 0.000000 0.000000 1.000000 0.000000 -58.530979 0.000000 51.800949 1.000000 
10 0.999569 -0.026951 -0.011629 0.000000 0.027116 0.999530 0.014327 0.000000 0.011237 -0.014636 0.999830 0.000000 -52.613701 71.657982 0.963295 1.000000 
11 1.105794 -0.842978 -0.026584 0.000000 0.843164 1.105971 0.002113 0.000000 0.019861 -0.017798 1.390464 0.000000 -65.110954 69.786713 2.547689 1.000000 
21 0.996247 -0.084052 0.020684 0.000000 0.083541 0.996204 0.024461 0.000000 -0.022662 -0.022641 0.999487 0.000000 -14.333958 46.026337 0.537976 1.000000 
23 0.996247 -0.084052 0.020684 0.000000 0.083541 0.996204 0.024461 0.000000 -0.022662 -0.022641 0.999487 0.000000 -13.347411 16.271368 -0.113690 1.000000 
24 0.996247 -0.084052 0.020684 0.000000 0.083541 0.996204 0.024461 0.000000 -0.022662 -0.022641 0.999487 0.000000 -13.347409 16.271370 -0.113690 1.000000 
25 0.996247 -0.084052 0.020684 0.000000 0.083541 0.996204 0.024461 0.000000 -0.022662 -0.022641 0.999487 0.000000 -13.347409 16.271370 -0.113690 1.000000 
26 0.996247 -0.084052 0.020684 0.000000 0.083541 0.996204 0.024461 0.000000 -0.022662 -0.022641 0.999487 0.000000 -13.347409 16.271370 -0.113690 1.000000 
14 0.996247 -0.084052 0.020684 0.000000 0.083541 0.996204 0.024461 0.000000 -0.022662 -0.022641 0.999487 0.000000 4.847806 19.590376 0.374045 1.000000 
15 0.996247 -0.084052 0.020684 0.000000 0.083541 0.996204 0.024461 0.000000 -0.022662 -0.022641 0.999487 0.000000 8.806828 12.295893 0.298566 1.000000 
16 0.996247 -0.084052 0.020684 0.000000 0.083541 0.996204 0.024461 0.000000 -0.022662 -0.022641 0.999487 0.000000 7.268841 17.357840 -2.613750 1.000000 
17 0.996247 -0.084052 0.020684 0.000000 0.083541 0.996204 0.024461 0.000000 -0.022662 -0.022641 0.999487 0.000000 7.020540 17.328495 3.367132 1.000000 
18 0.996247 -0.084052 0.020684 0.000000 0.083541 0.996204 0.024461 0.000000 -0.022662 -0.022641 0.999487 0.000000 -0.468674 14.231674 0.131721 1.000000 
19 0.996247 -0.084052 0.020684 0.000000 0.083541 0.996204 0.024461 0.000000 -0.022662 -0.022641 0.999487 0.000000 -0.468674 14.231674 0.131721 1.000000 
20 0.996247 -0.084052 0.020684 0.000000 0.083541 0.996204 0.024461 0.000000 -0.022662 -0.022641 0.999487 0.000000 -0.468672 14.231674 0.131722 1.000000 
22 0.996247 -0.084052 0.020684 0.000000 0.083541 0.996204 0.024461 0.000000 -0.022662 -0.022641 0.999487 0.000000 -14.375674 45.528889 0.525762 1.000000 
[KEY]
1 1.000000 0.000000 0.000000 0.000000 0.000000 1.000000 0.000000 0.000000 0.000000 0.000000 1.000000 0.000000 -10.226984 0.232216 0.001319 1.000000 
2 0.986489 -0.158008 0.043284 0.000000 0.155593 0.986321 0.054426 0.000000 -0.051292 -0.046956 0.997579 0.000000 -20.683126 -7.469368 -1.737713 1.000000 
3 0.986489 -0.158008 0.043284 0.000000 0.155593 0.986321 0.054426 0.000000 -0.051292 -0.046956 0.997579 0.000000 3.127757 7.499185 2.915268 1.000000 
6 0.986489 -0.158008 0.043284 0.000000 0.155593 0.986321 0.054426 0.000000 -0.051292 -0.046956 0.997579 0.000000 3.407259 7.755118 -2.520930 1.000000 
9 0.980889 -0.189890 -0.042409 0.000000 0.191434 0.980848 0.035906 0.000000 0.034779 -0.043338 0.998455 0.000000 -22.694946 12.472650 -0.902886 1.000000 
12 0.986489 -0.158008 0.043284 0.000000 0.155593 0.986321 0.054426 0.000000 -0.051292 -0.046956 0.997579 0.000000 -22.694946 12.472650 -0.902886 1.000000 
27 0.986489 -0.158008 0.043284 0.000000 0.155593 0.986321 0.054426 0.000000 -0.051292 -0.046956 0.997579 0.000000 -10.850233 7.222141 -8.730595 1.000000 
32 0.986489 -0.158008 0.043284 0.000000 0.155593 0.986321 0.054426 0.000000 -0.051292 -0.046956 0.997579 0.000000 -6.022378 10.101604 -5.598081 1.000000 
37 0.986489 -0.158008 0.043284 0.000000 0.155593 0.986321 0.054426 0.000000 -0.051292 -0.046956 0.997579 0.000000 -16.167978 8.724133 -9.752679 1.000000 
42 0.986489 -0.158008 0.043284 0.000000 0.155593 0.986321 0.054426 0.000000 -0.051292 -0.046956 0.997579 0.000000 -19.957850 9.931682 -7.936890 1.000000 
47 0.986489 -0.158008 0.043284 0.000000 0.155593 0.986321 0.054426 0.000000 -0.051292 -0.046956 0.997579 0.000000 -11.688354 6.454840 7.570143 1.000000 
52 0.986489 -0.158008 0.043284 0.000000 0.155593 0.986321 0.054426 0.000000 -0.051292 -0.046956 0.997579 0.000000 -6.579246 9.591866 5.231743 1.000000 
57 0.986489 -0.158008 0.043284 0.000000 0.155593 0.986321 0.054426 0.000000 -0.051292 -0.046956 0.997579 0.000000 -17.089941 7.880147 8.178872 1.000000 
62 0.986489 -0.158008 0.043284 0.000000 0.155593 0.986321 0.054426 0.000000 -0.051292 -0.046956 0.997579 0.000000 -20.679880 9.270665 6.105935 1.000000 
13 0.986489 -0.158008 0.043284 0.000000 0.155593 0.986321 0.054426 0.000000 -0.051292 -0.046956 0.997579 0.000000 -4.891989 9.238842 -0.139734 1.000000 
28 0.995477 0.036395 0.087750 0.000000 -0.037951 0.999149 0.016130 0.000000 -0.087089 -0.019387 0.996012 0.000000 -8.699996 8.983790 -12.115052 1.000000 
33 0.998062 -0.046893 0.040897 0.000000 0.047495 0.998775 -0.013861 0.000000 -0.040197 0.015776 0.999067 0.000000 -3.167324 11.067839 -7.280496 1.000000 
38 0.994150 -0.017985 0.106499 0.000000 -0.000534 0.985208 0.171362 0.000000 -0.108006 -0.170416 0.979435 0.000000 -15.824210 10.430840 -15.315146 1.000000 
43 0.985645 -0.158917 0.057000 0.000000 0.152509 0.982904 0.103153 0.000000 -0.072418 -0.092979 0.993031 0.000000 -21.754036 10.424189 -13.752986 1.000000 
48 0.996125 0.028451 -0.083221 0.000000 -0.029214 0.999541 -0.007960 0.000000 0.082956 0.010361 0.996499 0.000000 -9.904262 7.881346 11.306995 1.000000 
53 0.997440 -0.058061 -0.041734 0.000000 0.058745 0.998155 0.015351 0.000000 0.040766 -0.017764 0.999011 0.000000 -3.915979 10.382486 7.280584 1.000000 
58 0.991301 -0.013285 -0.130940 0.000000 -0.010333 0.983965 -0.178063 0.000000 0.131206 0.177867 0.975268 0.000000 -17.325449 9.056482 13.882575 1.000000 
63 0.981104 -0.173627 -0.085374 0.000000 0.162463 0.978912 -0.123842 0.000000 0.105076 0.107631 0.988622 0.000000 -23.064173 9.224779 11.728141 1.000000 
4 0.750197 0.619753 0.230459 0.000000 -0.636240 0.771483 -0.003575 0.000000 -0.180011 -0.143945 0.973076 0.000000 5.311607 0.801153 6.272443 1.000000 
7 0.908148 0.416383 -0.043513 0.000000 -0.415997 0.909188 0.017996 0.000000 0.047054 0.001758 0.998891 0.000000 5.954881 1.390090 -6.238545 1.000000 
29 0.995515 0.037895 0.086681 0.000000 -0.044549 0.996099 0.076169 0.000000 -0.083456 -0.079688 0.993320 0.000000 2.619945 44.939106 -30.256321 1.000000 
34 0.995871 0.086731 0.026793 0.000000 -0.087473 0.995777 0.027863 0.000000 -0.024263 -0.030092 0.999253 0.000000 29.023764 36.693146 -18.140795 1.000000 
39 0.994566 -0.006538 0.103902 0.000000 -0.007017 0.991547 0.129556 0.000000 -0.103871 -0.129581 0.986113 0.000000 -15.647314 40.716099 -28.048115 1.000000 
44 0.993562 -0.103035 0.047104 0.000000 0.099713 0.992680 0.068144 0.000000 -0.053780 -0.063008 0.996563 0.000000 -19.315403 60.645954 -25.036442 1.000000 
49 0.994810 0.061209 -0.081278 0.000000 -0.066565 0.995669 -0.064910 0.000000 0.076953 0.069984 0.994576 0.000000 1.648778 43.584831 29.795269 1.000000 
54 0.995131 0.094395 -0.028337 0.000000 -0.095130 0.995130 -0.025810 0.000000 0.025762 0.028380 0.999265 0.000000 28.569710 35.626949 18.155287 1.000000 
59 0.991611 -0.005095 -0.129161 0.000000 -0.014121 0.988973 -0.147422 0.000000 0.128488 0.148009 0.980604 0.000000 -17.005098 39.430836 26.398764 1.000000 
64 0.990327 -0.115919 -0.076263 0.000000 0.109268 0.990262 -0.086269 0.000000 0.085520 0.077102 0.993349 0.000000 -19.589684 59.579353 22.112473 1.000000 
5 0.973138 0.201191 0.111915 0.000000 -0.208957 0.975924 0.062519 0.000000 -0.096642 -0.084225 0.991749 0.000000 8.503768 -2.120912 6.617591 1.000000 
8 0.996128 0.082032 0.031611 0.000000 -0.081975 0.996630 -0.003080 0.000000 -0.031757 0.000477 0.999496 0.000000 8.360066 -2.238037 -6.527059 1.000000 
30 0.995456 0.052620 0.079362 0.000000 -0.060779 0.992700 0.104175 0.000000 -0.073301 -0.108525 0.991388 0.000000 18.808691 45.525860 -50.512428 1.000000 
35 0.990488 0.137154 0.011079 0.000000 -0.137523 0.989424 0.046132 0.000000 -0.004635 -0.047217 0.998874 0.000000 66.629448 29.861429 -27.495523 1.000000 
40 0.995031 0.004867 0.099443 0.000000 -0.013493 0.996181 0.086261 0.000000 -0.098644 -0.087174 0.991297 0.000000 -18.106789 39.963104 -49.208576 1.000000 
45 0.998440 -0.047662 0.029088 0.000000 0.046727 0.998394 0.032032 0.000000 -0.030568 -0.030623 0.999063 0.000000 -38.545879 55.657173 -41.731140 1.000000 
50 0.994048 0.084783 -0.068416 0.000000 -0.091644 0.990313 -0.104317 0.000000 0.058909 0.109966 0.992188 0.000000 17.724384 44.298847 50.137207 1.000000 
55 0.988401 0.151599 -0.009019 0.000000 -0.151852 0.987403 -0.044461 0.000000 0.002165 0.045315 0.998970 0.000000 66.242691 29.065197 27.432442 1.000000 
60 0.991970 0.002359 -0.126448 0.000000 -0.017572 0.992699 -0.119332 0.000000 0.125243 0.120596 0.984769 0.000000 -18.921267 39.058159 47.625408 1.000000 
65 0.996509 -0.060060 -0.057993 0.000000 0.057199 0.997120 -0.049803 0.000000 0.060818 0.046312 0.997074 0.000000 -38.348759 55.075062 39.468288 1.000000 
31 0.994939 0.065215 0.076437 0.000000 -0.074006 0.990194 0.118484 0.000000 -0.067960 -0.123541 0.990010 0.000000 36.710155 32.098961 -65.014809 1.000000 
36 0.992715 0.120475 -0.001826 0.000000 -0.120210 0.991334 0.052969 0.000000 0.008192 -0.052364 0.998594 0.000000 94.984268 14.811041 -31.062113 1.000000 
41 0.995283 0.012042 0.096261 0.000000 -0.017707 0.998147 0.058215 0.000000 -0.095381 -0.059645 0.993652 0.000000 -21.783209 25.828634 -64.252457 1.000000 
46 0.999767 -0.016924 0.013435 0.000000 0.016764 0.999788 0.011965 0.000000 -0.013634 -0.011737 0.999838 0.000000 -59.883541 31.791464 -49.570526 1.000000 
51 0.992674 0.102171 -0.064495 0.000000 -0.109561 0.986219 -0.123968 0.000000 0.050940 0.130126 0.990188 0.000000 35.890137 31.443823 64.827919 1.000000 
56 0.991128 0.132794 0.005548 0.000000 -0.132329 0.989832 -0.052166 0.000000 -0.012419 0.050969 0.998623 0.000000 94.807877 14.422729 31.021183 1.000000 
61 0.992193 0.007236 -0.124499 0.000000 -0.019860 0.994743 -0.100456 0.000000 0.123117 0.102145 0.987121 0.000000 -22.164934 25.435301 63.230408 1.000000 
66 0.998859 -0.025354 -0.040459 0.000000 0.024276 0.999343 -0.026917 0.000000 0.041115 0.025904 0.998819 0.000000 -59.714535 31.595221 48.329811 1.000000 
67 1.000000 0.000000 0.000000 0.000000 0.000000 1.000000 0.000000 0.000000 0.000000 0.000000 1.000000 0.000000 0.000000 83.070496 0.000000 1.000000 
68 1.000000 0.000000 0.000000 0.000000 0.000000 1.000000 0.000000 0.000000 0.000000 0.000000 1.000000 0.000000 -10.226984 0.232216 0.001319 1.000000 
69 1.000000 0.000000 0.000000 0.000000 0.000000 1.000000 0.000000 0.000000 0.000000 0.000000 1.000000 0.000000 -10.226978 70.730209 0.001320 1.000000 
70 1.000000 0.000000 0.000000 0.000000 0.000000 1.000000 0.000000 0.000000 0.000000 0.000000 1.000000 0.000000 -10.226987 0.232216 0.001319 1.000000 
71 1.000000 0.000000 0.000000 0.000000 0.000000 1.000000 0.000000 0.000000 0.000000 0.000000 1.000000 0.000000 -10.226987 0.232216 0.001319 1.000000 
72 1.000000 0.000000 0.000000 0.000000 0.000000 1.000000 0.000000 0.000000 0.000000 0.000000 1.000000 0.000000 115.125870 0.000000 -32.474308 1.000000 
73 1.000000 0.000000 0.000000 0.000000 0.000000 1.000000 0.000000 0.000000 0.000000 0.000000 1.000000 0.000000 62.749397 0.000000 -78.997215 1.000000 
74 1.000000 0.000000 0.000000 0.000000 0.000000 1.000000 0.000000 0.000000 0.000000 0.000000 1.000000 0.000000 1.802011 0.000000 -75.468254 1.000000 
75 1.000000 0.000000 0.000000 0.000000 0.000000 1.000000 0.000000 0.000000 0.000000 0.000000 1.000000 0.000000 -89.168083 0.000000 -51.799946 1.000000 
76 1.000000 0.000000 0.000000 0.000000 0.000000 1.000000 0.000000 0.000000 0.000000 0.000000 1.000000 0.000000 119.592667 0.000000 32.457558 1.000000 
77 1.000000 0.000000 0.000000 0.000000 0.000000 1.000000 0.000000 0.000000 0.000000 0.000000 1.000000 0.000000 55.606968 0.000000 78.943047 1.000000 
78 1.000000 0.000000 0.000000 0.000000 0.000000 1.000000 0.000000 0.000000 0.000000 0.000000 1.000000 0.000000 5.046760 0.000000 75.453720 1.000000 
79 1.000000 0.000000 0.000000 0.000000 0.000000 1.000000 0.000000 0.000000 0.000000 0.000000 1.000000 0.000000 -89.121231 0.000000 51.801723 1.000000 
80 1.000000 0.000000 0.000000 0.000000 0.000000 1.000000 0.000000 0.000000 0.000000 0.000000 1.000000 0.000000 132.160492 0.000000 -32.441174 1.000000 
81 1.000000 0.000000 0.000000 0.000000 0.000000 1.000000 0.000000 0.000000 0.000000 0.000000 1.000000 0.000000 68.761414 0.000000 -79.050568 1.000000 
82 1.000000 0.000000 0.000000 0.000000 0.000000 1.000000 0.000000 0.000000 0.000000 0.000000 1.000000 0.000000 13.905589 0.000000 -75.478256 1.000000 
83 1.000000 0.000000 0.000000 0.000000 0.000000 1.000000 0.000000 0.000000 0.000000 0.000000 1.000000 0.000000 -58.008385 0.000000 -51.798386 1.000000 
84 1.000000 0.000000 0.000000 0.000000 0.000000 1.000000 0.000000 0.000000 0.000000 0.000000 1.000000 0.000000 139.501648 0.000000 32.435669 1.000000 
85 1.000000 0.000000 0.000000 0.000000 0.000000 1.000000 0.000000 0.000000 0.000000 0.000000 1.000000 0.000000 59.696896 0.000000 78.963730 1.000000 
86 1.000000 0.000000 0.000000 0.000000 0.000000 1.000000 0.000000 0.000000 0.000000 0.000000 1.000000 0.000000 16.943512 0.000000 75.447723 1.000000 
87 1.000000 0.000000 0.000000 0.000000 0.000000 1.000000 0.000000 0.000000 0.000000 0.000000 1.000000 0.000000 -58.530979 0.000000 51.800949 1.000000 
10 0.980889 -0.189890 -0.042409 0.000000 0.191434 0.980848 0.035906 0.000000 0.034779 -0.043338 0.998455 0.000000 -47.196812 72.786766 2.568850 1.000000 
11 0.951087 -1.011591 -0.078856 0.000000 1.013277 0.952560 0.001444 0.000000 0.052961 -0.058442 1.388482 0.000000 -59.785973 72.944321 4.487553 1.000000 
21 0.986489 -0.158008 0.043284 0.000000 0.155593 0.986321 0.054426 0.000000 -0.051292 -0.046956 0.997579 0.000000 -16.397055 41.950386 0.808836 1.000000 
23 0.986489 -0.158008 0.043284 0.000000 0.155593 0.986321 0.054426 0.000000 -0.051292 -0.046956 0.997579 0.000000 -17.575363 12.231075 -0.650629 1.000000 
24 0.986489 -0.158008 0.043284 0.000000 0.155593 0.986321 0.054426 0.000000 -0.051292 -0.046956 0.997579 0.000000 -17.575361 12.231076 -0.650629 1.000000 
25 0.986489 -0.158008 0.043284 0.000000 0.155593 0.986321 0.054426 0.000000 -0.051292 -0.046956 0.997579 0.000000 -17.575361 12.231076 -0.650629 1.000000 
26 0.986489 -0.158008 0.043284 0.000000 0.155593 0.986321 0.054426 0.000000 -0.051292 -0.046956 0.997579 0.000000 -17.575361 12.231076 -0.650629 1.000000 
14 0.986489 -0.158008 0.043284 0.000000 0.155593 0.986321 0.054426 0.000000 -0.051292 -0.046956 0.997579 0.000000 0.794213 14.181554 0.385672 1.000000 
15 0.986489 -0.158008 0.043284 0.000000 0.155593 0.986321 0.054426 0.000000 -0.051292 -0.046956 0.997579 0.000000 4.208888 6.618720 0.205257 1.000000 
16 0.986489 -0.158008 0.043284 0.000000 0.155593 0.986321 0.054426 0.000000 -0.051292 -0.046956 0.997579 0.000000 3.125162 11.854753 -2.601839 1.000000 
17 0.986489 -0.158008 0.043284 0.000000 0.155593 0.986321 0.054426 0.000000 -0.051292 -0.046956 0.997579 0.000000 2.713660 11.687918 3.367777 1.000000 
18 0.986489 -0.158008 0.043284 0.000000 0.155593 0.986321 0.054426 0.000000 -0.051292 -0.046956 0.997579 0.000000 -4.891989 9.238842 -0.139734 1.000000 
19 0.986489 -0.158008 0.043284 0.000000 0.155593 0.986321 0.054426 0.000000 -0.051292 -0.046956 0.997579 0.000000 -4.891989 9.238842 -0.139734 1.000000 
